20000 -> {
166, 5, 97, 115, 597, 535, 726, 721, 217, 346,
70, 128, 595, 381, 508, 349, 294, 119, 103, 995,
946, 511, 135, 141, 961, 811, 312, 414, 743, 567,
188, 827, 62, 425, 582, 556, 351, 803, 516, 126,
560, 672, 12, 212, 74, 195, 187, 584, 130, 252,
217, 172, 243, 284, 305, 110, 354, 147, 280, 700,
314, 784, 156, 939, 873, 185, 319, 191, 379, 147,
603, 286, 941, 828, 168, 221, 452, 527, 501, 640,
695, 697, 764, 788, 714, 610, 512, 703, 45, 13,
619, 618, 221, 155, 947, 485, 833, 548, 636, 68,
495, 168, 613, 129, 840, 30, 244, 90, 809, 27,
698, 893, 212, 45, 623, 161, 894, 304, 821, 310,
354, 337, 272, 528, 342, 697, 473, 992, 853, 204,
503, 780, 189, 970, 655, 208, 721, 382, 421, 604,
593, 309, 820, 951, 584, 10, 314, 621, 615, 992,
392, 718, 121, 166, 56, 103, 927, 162, 367, 380,
60, 655, 990, 926, 475, 161, 635, 305, 496, 107,
989, 554, 316, 31, 929, 351, 933, 190, 534, 343,
613, 32, 872, 636, 562, 366, 267, 790, 518, 805,
589, 34, 568, 294, 113, 722, 435, 317, 177, 599,
757, 14, 876, 44, 90, 47, 345, 789, 826, 538,
851, 47, 385, 985, 933, 474, 181, 991, 0, 581,
797, 852, 354, 729, 936, 169, 993, 928, 820, 285,
769, 959, 848, 567, 186, 258, 860, 950, 413, 119,
47, 357, 240, 998, 329, 682, 40, 567, 162, 146,
63, 85, 203, 797, 135, 937, 172, 144, 461, 313,
141, 882, 81, 955, 561, 582, 894, 389, 400, 371,
501, 199, 364, 609, 550, 539, 142, 461, 913, 947,
138, 822, 905, 380, 848, 105, 731, 826, 500, 202,
455, 493, 280, 196, 884, 778, 905, 995, 384, 476,
319, 144, 536, 740, 225, 836, 804, 791, 353, 625,
527, 39, 955, 669, 846, 933, 604, 744, 127, 957,
896, 216, 548, 626, 180, 747, 432, 620, 334, 94,
217, 103, 58, 371, 166, 687, 62, 471, 435, 952,
856, 981, 187, 730, 214, 149, 614, 677, 247, 954,
171, 121, 712, 179, 494, 186, 921, 863, 238, 298,
753, 54, 57, 399, 423, 357, 601, 374, 987, 298,
747, 232, 612, 74, 684, 301, 428, 616, 879, 702,
81, 638, 198, 735, 588, 432, 685, 420, 343, 839,
373, 91, 587, 404, 743, 803, 288, 446, 534, 835,
97, 221, 219, 223, 414, 952, 67, 494, 91, 308,
884, 567, 778, 277, 264, 677, 845, 442, 153, 425,
190, 940, 165, 439, 634, 328, 756, 67, 587, 950,
992, 30, 470, 32, 435, 987, 885, 630, 176, 983,
149, 513, 579, 681, 74, 552, 58, 990, 785, 792,
336, 71, 502, 470, 200, 479, 752, 290, 983, 720,
626, 916, 485, 846, 99, 106, 693, 438, 784, 398,
642, 599, 760, 481, 788, 226, 841, 876, 452, 175,
625, 417, 317, 545, 688, 933, 388, 506, 404, 481,
185, 369, 540, 665, 13, 635, 961, 477, 854, 799,
633, 510, 354, 871, 302, 275, 745, 236, 711, 940,
109, 130, 566, 678, 350, 572, 450, 337, 129, 512,
109, 606, 65, 934, 528, 718, 441, 605, 246, 991,
265, 839, 87, 495, 223, 486, 598, 310, 551, 751,
989, 631, 254, 678, 558, 215, 28, 194, 93, 962,
312, 418, 533, 330, 664, 880, 160, 865, 817, 965,
364, 153, 372, 101, 866, 81, 418, 596, 456, 891,
25, 122, 969, 876, 599, 875, 467, 860, 654, 530,
58, 287, 153, 303, 91, 363, 734, 446, 67, 634,
516, 314, 401, 586, 31, 745, 58, 268, 666, 978,
132, 978, 548, 549, 852, 572, 647, 402, 372, 29,
404, 708, 775, 529, 123, 479, 879, 305, 130, 488,
713, 291, 171, 180, 199, 500, 971, 404, 47, 791,
184, 175, 329, 811, 219, 240, 671, 583, 390, 633,
336, 489, 864, 937, 350, 712, 718, 114, 745, 646,
884, 102, 162, 834, 437, 787, 277, 989, 632, 860,
817, 124, 747, 51, 969, 821, 4, 484, 752, 813,
917, 875, 105, 897, 256, 736, 413, 292, 460, 841,
681, 224, 670, 233, 78, 305, 227, 56, 138, 38,
789, 604, 952, 9, 620, 238, 724, 793, 743, 343,
793, 902, 500, 125, 174, 797, 676, 937, 734, 228,
122, 755, 967, 1, 29, 368, 653, 406, 780, 299,
968, 215, 394, 273, 100, 623, 627, 761, 408, 328,
989, 964, 89, 921, 506, 313, 951, 317, 933, 381,
607, 218, 43, 345, 27, 287, 452, 308, 984, 649,
289, 522, 934, 976, 809, 981, 509, 950, 311, 339,
358, 983, 630, 800, 463, 751, 792, 758, 596, 705,
938, 986, 466, 996, 45, 257, 805, 515, 297, 627,
461, 748, 274, 663, 420, 360, 495, 455, 259, 405,
545, 85, 822, 833, 497, 85, 877, 8, 237, 13,
949, 96, 13, 523, 38, 963, 976, 374, 157, 772,
564, 983, 845, 686, 742, 585, 258, 65, 631, 199,
31, 214, 688, 341, 800, 909, 295, 130, 354, 508,
514, 21, 602, 211, 347, 997, 187, 95, 13, 965,
692, 964, 430, 576, 425, 414, 262, 849, 728, 137,
727, 262, 799, 31, 893, 845, 973, 58, 135, 792,
286, 107, 550, 654, 59, 427, 846, 498, 73, 31,
516, 0, 928, 881, 711, 916, 391, 157, 121, 173,
862, 745, 7, 3, 677, 785, 567, 261, 235, 249,
538, 238, 593, 860, 298, 16, 808, 701, 750, 425,
688, 221, 940, 606, 907, 204, 94, 829, 465, 107,
704, 207, 373, 177, 32, 862, 71, 140, 447, 483,
236, 338, 128, 412, 99, 865, 502, 836, 553, 652,
243, 723, 624, 543, 998, 375, 811, 429, 444, 915,
501, 423, 346, 295, 419, 72, 74, 56, 991, 495,
453, 265, 766, 765, 240, 106, 156, 648, 393, 537,
215, 711, 843, 647, 841, 686, 657, 60, 114, 476,
264, 620, 653, 843, 944, 707, 913, 192, 972, 880,
812, 524, 832, 823, 371, 626, 82, 889, 484, 546,
764, 471, 392, 197, 321, 765, 59, 2, 678, 572,
430, 848, 699, 402, 672, 997, 186, 878, 448, 951,
279, 638, 437, 329, 856, 835, 810, 368, 735, 872,
636, 95, 662, 687, 437, 87, 243, 189, 671, 187,
308, 287, 129, 171, 68, 796, 678, 558, 711, 701,
830, 814, 954, 251, 140, 591, 822, 607, 290, 793,
455, 16, 226, 566, 160, 392, 383, 173, 122, 808,
827, 64, 124, 509, 490, 187, 332, 651, 318, 702,
791, 466, 853, 669, 294, 413, 24, 654, 282, 138,
701, 819, 137, 55, 239, 736, 353, 722, 245, 367,
109, 125, 816, 34, 958, 935, 81, 761, 555, 590,
610, 573, 347, 155, 987, 756, 538, 599, 793, 134,
579, 125, 218, 23, 854, 39, 724, 422, 130, 510,
950, 5, 532, 652, 991, 698, 129, 725, 614, 877,
744, 317, 401, 819, 699, 683, 922, 666, 567, 126,
447, 150, 546, 191, 161, 796, 782, 792, 327, 334,
867, 515, 716, 702, 825, 214, 302, 926, 517, 197,
553, 638, 316, 848, 139, 55, 814, 655, 561, 113,
901, 92, 122, 560, 343, 120, 66, 420, 503, 984,
530, 760, 731, 657, 670, 267, 826, 714, 535, 558,
260, 137, 274, 502, 790, 208, 568, 938, 61, 73,
24, 463, 235, 672, 250, 954, 849, 624, 221, 61,
548, 833, 876, 190, 683, 321, 387, 324, 319, 832,
537, 940, 515, 952, 441, 811, 863, 36, 337, 556,
224, 168, 646, 901, 370, 355, 631, 661, 736, 880,
594, 704, 779, 331, 44, 615, 170, 514, 429, 921,
425, 329, 523, 382, 5, 50, 94, 494, 638, 749,
84, 805, 414, 565, 213, 498, 281, 867, 129, 281,
6, 455, 369, 525, 237, 548, 476, 530, 433, 12,
339, 154, 439, 972, 775, 237, 400, 696, 25, 367,
860, 538, 122, 13, 999, 815, 724, 448, 585, 322,
673, 845, 72, 382, 947, 980, 369, 638, 283, 632,
735, 911, 341, 774, 67, 145, 172, 825, 468, 153,
10, 134, 144, 211, 59, 779, 908, 166, 395, 293,
73, 840, 93, 963, 216, 84, 406, 949, 264, 224,
105, 657, 597, 76, 107, 422, 650, 240, 658, 434,
466, 542, 506, 850, 284, 816, 336, 209, 789, 562,
890, 234, 642, 851, 751, 905, 206, 449, 347, 431,
649, 83, 182, 76, 98, 530, 62, 323, 174, 498,
545, 624, 674, 213, 415, 388, 709, 18, 991, 605,
81, 804, 90, 55, 364, 101, 605, 984, 834, 525,
283, 11, 661, 998, 586, 331, 575, 690, 540, 50,
31, 398, 209, 690, 627, 448, 395, 580, 29, 720,
666, 80, 17, 227, 89, 892, 950, 646, 217, 248,
915, 57, 476, 929, 843, 529, 757, 596, 620, 666,
398, 838, 253, 805, 858, 666, 422, 687, 780, 306,
188, 442, 527, 409, 85, 256, 432, 305, 752, 316,
441, 713, 289, 180, 336, 241, 612, 852, 431, 88,
848, 36, 636, 270, 46, 822, 68, 318, 178, 64,
124, 102, 841, 481, 416, 178, 795, 545, 647, 901,
300, 25, 39, 666, 589, 494, 557, 427, 792, 152,
176, 223, 204, 536, 775, 49, 725, 865, 943, 455,
504, 109, 961, 320, 749, 443, 164, 169, 454, 912,
479, 946, 991, 997, 298, 596, 167, 295, 517, 782,
382, 924, 696, 153, 815, 60, 781, 0, 776, 966,
259, 548, 799, 582, 741, 503, 616, 715, 275, 671,
852, 869, 814, 590, 404, 998, 105, 799, 470, 504,
503, 259, 487, 512, 992, 70, 906, 434, 536, 531,
96, 630, 17, 111, 488, 401, 431, 244, 481, 758,
780, 244, 342, 86, 598, 802, 449, 574, 718, 3,
435, 273, 859, 162, 386, 501, 894, 365, 956, 714,
438, 474, 684, 976, 423, 158, 19, 648, 911, 791,
96, 118, 81, 880, 763, 165, 918, 205, 286, 116,
152, 208, 485, 144, 72, 147, 0, 322, 835, 703,
934, 810, 569, 477, 252, 900, 911, 906, 863, 98,
45, 512, 86, 346, 873, 379, 516, 402, 845, 545,
876, 793, 863, 150, 141, 127, 616, 526, 424, 184,
848, 180, 136, 636, 992, 843, 618, 843, 583, 843,
516, 224, 913, 359, 947, 75, 756, 972, 256, 19,
901, 380, 891, 84, 531, 300, 642, 389, 642, 195,
91, 141, 259, 236, 345, 728, 218, 461, 236, 92,
73, 961, 500, 657, 43, 171, 350, 480, 90, 932,
896, 170, 357, 927, 106, 549, 276, 867, 253, 259,
822, 937, 145, 259, 766, 438, 369, 84, 209, 875,
506, 943, 379, 452, 357, 189, 179, 677, 376, 49,
372, 499, 675, 166, 629, 58, 9, 524, 747, 99,
566, 295, 740, 353, 601, 681, 664, 932, 578, 866,
908, 445, 701, 773, 567, 779, 887, 844, 513, 189,
744, 814, 160, 417, 18, 16, 420, 925, 658, 890,
422, 908, 356, 684, 197, 3, 115, 96, 777, 828,
289, 929, 939, 955, 964, 501, 68, 911, 683, 271,
989, 139, 815, 888, 615, 398, 213, 191, 812, 103,
586, 374, 150, 781, 264, 71, 975, 727, 753, 503,
832, 975, 921, 290, 678, 4, 153, 359, 378, 248,
128, 349, 463, 847, 589, 158, 961, 425, 35, 19,
173, 290, 900, 712, 75, 872, 649, 34, 307, 788,
216, 446, 87, 957, 376, 427, 181, 849, 689, 891,
825, 766, 559, 582, 776, 216, 241, 592, 791, 220,
516, 60, 781, 764, 414, 721, 478, 371, 896, 308,
874, 268, 387, 550, 933, 862, 350, 215, 720, 331,
478, 186, 336, 641, 944, 707, 214, 576, 819, 167,
527, 701, 714, 803, 901, 694, 816, 528, 165, 207,
948, 93, 338, 669, 16, 213, 290, 513, 28, 451,
551, 943, 528, 875, 905, 248, 666, 619, 819, 69,
781, 242, 123, 365, 243, 127, 245, 136, 435, 37,
82, 44, 238, 214, 813, 80, 495, 150, 982, 240,
386, 169, 611, 0, 487, 903, 124, 540, 206, 606,
773, 960, 756, 649, 201, 371, 975, 145, 509, 961,
7, 1, 235, 282, 222, 726, 393, 709, 393, 150,
129, 337, 959, 256, 818, 237, 177, 293, 183, 901,
763, 957, 782, 400, 483, 69, 915, 921, 39, 359,
70, 699, 443, 411, 234, 824, 147, 845, 320, 115,
686, 15, 916, 141, 4, 600, 773, 973, 297, 845,
339, 987, 634, 351, 996, 663, 103, 725, 248, 413,
586, 739, 518, 228, 992, 643, 982, 311, 285, 484,
888, 516, 685, 392, 429, 651, 336, 482, 61, 881,
717, 671, 448, 190, 66, 628, 481, 371, 171, 921,
88, 288, 329, 109, 431, 317, 613, 546, 751, 120,
398, 178, 539, 478, 646, 937, 517, 677, 492, 341,
248, 57, 950, 428, 199, 101, 100, 93, 588, 269,
413, 738, 314, 954, 468, 827, 831, 318, 371, 351,
181, 896, 339, 231, 928, 922, 3, 691, 165, 761,
871, 849, 816, 645, 379, 851, 342, 890, 336, 209,
813, 453, 893, 798, 712, 787, 994, 343, 960, 471,
273, 530, 671, 490, 151, 35, 695, 120, 522, 397,
419, 416, 58, 303, 228, 213, 332, 452, 766, 155,
93, 136, 172, 443, 388, 576, 129, 203, 388, 337,
736, 135, 896, 171, 759, 21, 968, 983, 696, 536,
915, 183, 928, 658, 197, 998, 931, 912, 243, 592,
888, 233, 20, 194, 824, 39, 778, 549, 13, 585,
225, 647, 833, 24, 64, 835, 813, 576, 414, 626,
699, 913, 767, 186, 173, 471, 223, 86, 287, 783,
717, 870, 258, 500, 716, 168, 219, 0, 118, 279,
340, 54, 266, 811, 370, 968, 936, 233, 31, 516,
138, 909, 760, 653, 69, 621, 465, 647, 328, 184,
407, 450, 5, 734, 726, 531, 646, 465, 949, 367,
569, 637, 759, 234, 366, 756, 915, 688, 81, 550,
446, 169, 812, 7, 311, 42, 223, 16, 947, 641,
730, 602, 851, 193, 761, 713, 507, 408, 457, 726,
588, 373, 771, 271, 444, 253, 870, 643, 20, 255,
706, 816, 922, 367, 899, 256, 72, 185, 34, 908,
597, 951, 898, 279, 859, 876, 513, 574, 113, 713,
894, 982, 697, 63, 162, 678, 172, 671, 914, 255,
917, 95, 964, 610, 155, 446, 119, 920, 675, 609,
648, 448, 758, 39, 99, 916, 959, 18, 734, 165,
191, 767, 420, 729, 516, 376, 665, 593, 551, 391,
121, 608, 822, 518, 110, 585, 210, 941, 218, 424,
969, 660, 689, 796, 70, 641, 619, 539, 55, 724,
232, 182, 455, 858, 292, 855, 502, 599, 70, 137,
558, 446, 676, 110, 167, 958, 41, 639, 213, 661,
729, 423, 784, 568, 116, 192, 773, 463, 770, 707,
803, 987, 526, 562, 448, 313, 326, 481, 93, 443,
274, 900, 695, 213, 18, 634, 64, 197, 365, 283,
590, 918, 679, 429, 633, 455, 834, 653, 707, 944,
889, 605, 843, 380, 241, 320, 778, 662, 57, 582,
410, 133, 884, 860, 604, 729, 380, 675, 377, 139,
257, 573, 435, 760, 650, 955, 13, 791, 619, 810,
544, 795, 568, 575, 959, 138, 408, 553, 421, 935,
46, 902, 558, 621, 148, 1, 987, 77, 249, 730,
650, 810, 837, 110, 374, 435, 714, 672, 402, 633,
886, 768, 252, 929, 958, 195, 224, 844, 236, 364,
953, 669, 180, 274, 88, 907, 420, 849, 382, 72,
138, 917, 412, 120, 635, 268, 861, 998, 272, 876,
426, 460, 227, 246, 703, 298, 699, 433, 852, 201,
37, 705, 247, 136, 68, 297, 535, 878, 226, 782,
692, 265, 351, 822, 101, 799, 280, 42, 954, 707,
676, 632, 460, 338, 876, 508, 297, 822, 689, 951,
812, 266, 66, 536, 773, 344, 877, 427, 581, 776,
502, 951, 349, 409, 911, 189, 447, 997, 351, 429,
76, 320, 373, 627, 96, 449, 702, 594, 35, 388,
686, 343, 521, 751, 451, 434, 604, 804, 264, 585,
961, 495, 593, 821, 920, 832, 938, 456, 88, 219,
61, 743, 411, 334, 764, 245, 141, 330, 987, 625,
51, 926, 98, 129, 378, 416, 962, 982, 877, 765,
677, 617, 555, 748, 947, 399, 39, 294, 274, 457,
114, 784, 733, 375, 815, 980, 576, 799, 85, 941,
651, 32, 474, 330, 734, 755, 926, 213, 772, 76,
326, 443, 587, 70, 226, 670, 187, 5, 169, 58,
316, 256, 596, 206, 397, 494, 904, 764, 26, 759,
631, 290, 486, 255, 105, 233, 49, 599, 767, 677,
468, 925, 521, 94, 491, 109, 288, 447, 577, 271,
910, 894, 723, 307, 589, 811, 957, 347, 198, 156,
658, 832, 235, 808, 763, 119, 39, 771, 901, 732,
108, 929, 271, 48, 860, 174, 908, 904, 804, 454,
327, 374, 854, 304, 404, 764, 831, 816, 191, 958,
745, 133, 199, 575, 33, 744, 554, 687, 971, 47,
559, 619, 212, 281, 816, 741, 345, 411, 615, 14,
214, 114, 442, 569, 266, 761, 834, 706, 737, 557,
816, 663, 961, 639, 241, 550, 841, 235, 412, 335,
895, 207, 625, 955, 257, 861, 373, 149, 807, 268,
715, 928, 783, 276, 949, 121, 704, 545, 971, 910,
779, 490, 427, 879, 94, 658, 97, 940, 763, 70,
225, 520, 706, 361, 723, 60, 634, 917, 854, 191,
141, 178, 497, 60, 381, 140, 670, 141, 561, 832,
567, 775, 269, 654, 253, 797, 457, 838, 871, 161,
280, 92, 56, 473, 827, 822, 732, 487, 183, 816,
580, 563, 613, 845, 112, 524, 401, 721, 141, 749,
597, 141, 400, 701, 343, 747, 937, 689, 496, 170,
690, 22, 158, 564, 146, 274, 52, 478, 557, 946,
728, 815, 511, 346, 550, 941, 665, 592, 683, 997,
3, 449, 869, 657, 35, 712, 281, 815, 293, 836,
956, 543, 171, 26, 78, 333, 70, 243, 236, 113,
126, 544, 310, 755, 782, 858, 112, 410, 588, 998,
284, 222, 840, 218, 31, 604, 762, 297, 579, 27,
9, 133, 646, 653, 257, 70, 169, 136, 117, 85,
603, 854, 926, 614, 647, 129, 402, 502, 827, 395,
32, 872, 938, 309, 571, 111, 109, 174, 197, 871,
949, 903, 646, 252, 276, 396, 149, 48, 77, 293,
679, 975, 905, 494, 165, 654, 444, 252, 786, 219,
519, 82, 246, 806, 135, 58, 597, 264, 654, 295,
444, 243, 856, 850, 476, 642, 856, 708, 303, 482,
364, 548, 555, 706, 566, 97, 845, 87, 621, 859,
223, 499, 380, 621, 429, 14, 41, 853, 653, 358,
353, 399, 630, 219, 906, 630, 106, 598, 689, 956,
966, 355, 573, 461, 953, 844, 771, 463, 987, 265,
547, 501, 713, 909, 898, 900, 574, 946, 810, 197,
652, 847, 960, 189, 211, 697, 228, 657, 89, 960,
518, 550, 643, 276, 463, 479, 490, 272, 302, 664,
178, 237, 36, 155, 823, 329, 698, 545, 233, 978,
809, 716, 377, 38, 58, 802, 596, 341, 95, 396,
616, 113, 313, 864, 861, 620, 708, 404, 654, 947,
80, 436, 951, 442, 890, 845, 833, 416, 466, 451,
677, 876, 318, 920, 21, 8, 831, 414, 985, 437,
833, 967, 984, 752, 945, 547, 709, 851, 499, 922,
108, 71, 554, 858, 173, 320, 355, 19, 897, 137,
723, 249, 506, 874, 368, 674, 720, 383, 526, 401,
137, 739, 380, 378, 200, 885, 350, 678, 994, 434,
476, 842, 621, 459, 770, 675, 962, 400, 665, 709,
804, 4, 54, 540, 809, 131, 977, 194, 945, 634,
761, 946, 301, 623, 191, 988, 377, 296, 64, 147,
85, 456, 959, 323, 672, 703, 378, 671, 462, 209,
731, 602, 525, 378, 177, 660, 930, 968, 304, 583,
345, 242, 447, 899, 516, 463, 937, 743, 803, 618,
687, 808, 373, 237, 252, 879, 78, 708, 856, 830,
842, 667, 448, 203, 897, 626, 878, 753, 540, 400,
797, 299, 975, 766, 865, 914, 311, 29, 972, 473,
405, 490, 419, 487, 739, 257, 643, 676, 599, 921,
518, 408, 294, 158, 394, 904, 939, 196, 4, 626,
800, 603, 280, 684, 996, 78, 893, 80, 541, 784,
863, 667, 984, 401, 292, 509, 623, 389, 332, 467,
866, 638, 274, 164, 265, 691, 664, 985, 769, 81,
2, 361, 893, 217, 98, 435, 47, 594, 940, 293,
551, 585, 930, 628, 283, 846, 707, 245, 488, 736,
503, 892, 688, 395, 334, 59, 532, 42, 730, 78,
451, 584, 922, 540, 28, 507, 809, 368, 569, 275,
550, 880, 709, 751, 405, 550, 919, 937, 822, 494,
287, 563, 324, 711, 744, 577, 273, 325, 822, 305,
352, 166, 690, 321, 643, 252, 205, 504, 654, 419,
481, 392, 332, 211, 406, 530, 736, 975, 147, 794,
702, 559, 531, 828, 875, 268, 355, 112, 267, 930,
192, 346, 970, 122, 294, 917, 109, 17, 911, 560,
89, 875, 808, 297, 724, 852, 827, 866, 123, 337,
400, 82, 708, 250, 989, 117, 757, 562, 16, 238,
788, 346, 186, 188, 472, 171, 782, 610, 864, 162,
962, 564, 787, 681, 982, 583, 535, 412, 179, 560,
678, 186, 750, 312, 334, 877, 220, 14, 712, 946,
864, 205, 444, 12, 139, 479, 730, 422, 547, 419,
52, 985, 127, 491, 634, 829, 610, 225, 638, 931,
159, 947, 498, 426, 140, 540, 606, 720, 505, 725,
238, 124, 442, 412, 603, 106, 643, 636, 65, 342,
852, 901, 649, 748, 270, 317, 736, 271, 637, 207,
200, 489, 254, 452, 125, 315, 922, 599, 914, 565,
220, 692, 813, 688, 167, 196, 305, 842, 619, 930,
779, 514, 906, 466, 695, 756, 974, 643, 643, 471,
950, 826, 60, 901, 513, 497, 88, 763, 394, 400,
484, 931, 460, 747, 63, 118, 863, 43, 118, 637,
171, 98, 89, 641, 789, 761, 62, 513, 384, 300,
357, 621, 846, 689, 588, 953, 935, 364, 364, 268,
953, 399, 371, 841, 881, 416, 899, 941, 761, 219,
978, 410, 498, 570, 196, 12, 220, 50, 759, 27,
364, 280, 629, 192, 492, 180, 983, 699, 617, 333,
143, 980, 642, 364, 463, 288, 396, 621, 608, 110,
502, 996, 886, 587, 57, 404, 818, 107, 95, 606,
320, 809, 641, 968, 891, 313, 465, 532, 813, 164,
375, 306, 67, 100, 906, 376, 247, 536, 405, 281,
768, 929, 597, 260, 672, 558, 560, 656, 285, 454,
952, 548, 650, 109, 359, 747, 22, 464, 749, 519,
941, 876, 816, 189, 990, 787, 140, 291, 277, 585,
403, 173, 634, 590, 967, 677, 538, 221, 510, 236,
444, 469, 196, 4, 254, 909, 527, 857, 424, 13,
431, 696, 369, 98, 341, 973, 986, 483, 70, 43,
704, 170, 375, 72, 142, 101, 939, 223, 746, 206,
899, 290, 358, 455, 182, 183, 162, 698, 105, 770,
640, 680, 312, 692, 624, 600, 837, 651, 342, 50,
600, 882, 280, 996, 793, 378, 516, 894, 482, 416,
626, 185, 816, 889, 541, 301, 363, 372, 312, 699,
148, 119, 198, 536, 63, 453, 139, 884, 753, 374,
793, 705, 44, 63, 822, 40, 224, 187, 356, 216,
204, 858, 640, 728, 533, 266, 952, 783, 606, 867,
166, 874, 433, 231, 842, 78, 229, 930, 872, 191,
257, 454, 293, 16, 583, 458, 976, 780, 188, 292,
14, 972, 888, 925, 550, 745, 417, 580, 535, 797,
717, 277, 326, 685, 759, 827, 300, 82, 297, 459,
384, 265, 612, 900, 9, 671, 811, 716, 991, 664,
303, 876, 826, 418, 190, 71, 483, 814, 325, 919,
914, 591, 840, 289, 687, 566, 719, 858, 981, 516,
628, 849, 603, 817, 802, 183, 557, 13, 728, 260,
715, 878, 366, 124, 273, 698, 176, 762, 863, 549,
136, 603, 465, 532, 296, 903, 745, 987, 697, 900,
739, 700, 454, 523, 986, 833, 372, 631, 769, 204,
742, 131, 293, 108, 43, 307, 889, 771, 547, 845,
481, 303, 523, 41, 12, 877, 581, 360, 364, 852,
796, 761, 183, 769, 486, 914, 891, 31, 586, 804,
461, 290, 132, 607, 235, 548, 950, 465, 819, 255,
186, 641, 963, 627, 414, 640, 59, 467, 758, 283,
936, 107, 448, 874, 602, 53, 4, 532, 439, 100,
267, 423, 361, 208, 586, 586, 886, 356, 31, 494,
496, 884, 843, 317, 996, 883, 760, 737, 94, 27,
140, 304, 221, 663, 574, 670, 266, 694, 465, 971,
423, 0, 32, 671, 718, 710, 201, 972, 655, 965,
717, 755, 262, 515, 910, 353, 636, 629, 537, 291,
821, 408, 374, 135, 811, 935, 886, 437, 129, 493,
733, 63, 626, 427, 984, 356, 458, 971, 945, 747,
85, 774, 464, 303, 215, 820, 956, 5, 236, 162,
514, 494, 161, 577, 517, 497, 898, 76, 351, 696,
125, 297, 311, 254, 503, 44, 20, 751, 190, 753,
729, 673, 479, 921, 289, 586, 129, 662, 421, 378,
282, 818, 715, 698, 480, 85, 33, 725, 738, 974,
730, 126, 408, 916, 344, 770, 808, 557, 292, 55,
43, 934, 338, 125, 47, 812, 928, 516, 766, 723,
688, 47, 559, 597, 955, 952, 595, 373, 25, 931,
419, 20, 807, 335, 577, 204, 152, 378, 356, 100,
743, 397, 591, 515, 427, 952, 292, 824, 444, 166,
797, 801, 477, 509, 451, 74, 771, 463, 307, 537,
5, 772, 398, 112, 853, 628, 679, 906, 926, 927,
99, 82, 341, 63, 556, 616, 597, 617, 318, 837,
390, 768, 182, 353, 454, 962, 175, 259, 27, 135,
631, 721, 127, 215, 425, 344, 468, 699, 516, 886,
498, 808, 285, 183, 312, 807, 480, 477, 87, 128,
829, 699, 573, 552, 792, 419, 920, 456, 777, 198,
609, 265, 262, 493, 948, 309, 622, 85, 973, 711,
799, 896, 645, 957, 761, 514, 669, 540, 517, 457,
242, 270, 593, 297, 898, 608, 717, 391, 54, 351,
675, 372, 896, 380, 882, 236, 671, 108, 939, 207,
16, 517, 760, 504, 247, 390, 210, 997, 455, 103,
338, 502, 118, 905, 978, 489, 452, 719, 492, 84,
206, 781, 579, 301, 54, 400, 386, 759, 133, 518,
394, 550, 964, 831, 7, 933, 359, 668, 909, 982,
195, 263, 63, 978, 874, 212, 184, 329, 420, 134,
637, 364, 368, 732, 571, 8, 44, 709, 117, 454,
353, 218, 601, 690, 746, 132, 436, 761, 142, 126,
971, 326, 980, 484, 259, 838, 847, 140, 475, 450,
706, 491, 889, 749, 709, 964, 257, 951, 313, 84,
637, 65, 449, 969, 778, 474, 545, 525, 391, 218,
467, 949, 572, 925, 920, 391, 480, 385, 244, 723,
483, 380, 773, 129, 430, 648, 733, 11, 919, 624,
102, 996, 185, 224, 253, 538, 436, 487, 338, 576,
129, 584, 311, 863, 488, 874, 151, 303, 957, 813,
450, 536, 905, 990, 342, 77, 661, 53, 887, 795,
596, 492, 674, 614, 289, 450, 934, 77, 223, 281,
589, 479, 424, 797, 826, 607, 96, 7, 531, 468,
674, 432, 952, 699, 803, 818, 924, 761, 662, 307,
260, 939, 696, 291, 550, 497, 853, 848, 836, 211,
82, 680, 321, 658, 501, 912, 267, 298, 834, 426,
9, 294, 527, 676, 719, 181, 770, 670, 520, 300,
266, 411, 347, 220, 227, 493, 577, 437, 302, 643,
478, 643, 559, 708, 814, 464, 497, 104, 602, 66,
511, 204, 795, 886, 165, 559, 519, 189, 71, 91,
689, 510, 519, 718, 285, 653, 261, 1, 556, 82,
970, 944, 717, 693, 797, 428, 374, 409, 66, 670,
905, 582, 464, 149, 817, 275, 914, 521, 831, 779,
960, 897, 248, 368, 151, 698, 82, 566, 470, 64,
79, 849, 714, 450, 352, 385, 773, 873, 94, 165,
546, 722, 653, 830, 932, 109, 99, 189, 87, 820,
543, 552, 831, 335, 37, 777, 336, 176, 689, 135,
590, 827, 65, 9, 534, 280, 56, 360, 757, 579,
561, 404, 255, 564, 969, 642, 450, 131, 152, 749,
212, 598, 112, 187, 675, 927, 919, 105, 772, 863,
162, 545, 725, 240, 155, 66, 719, 833, 445, 569,
158, 50, 148, 655, 963, 315, 379, 859, 620, 233,
744, 770, 266, 121, 10, 604, 11, 231, 782, 345,
65, 825, 270, 59, 276, 455, 244, 149, 931, 238,
238, 741, 448, 62, 26, 142, 885, 985, 587, 633,
945, 5, 972, 532, 903, 3, 741, 340, 33, 472,
540, 720, 41, 244, 349, 717, 9, 666, 557, 385,
124, 135, 795, 146, 699, 359, 849, 319, 452, 700,
634, 426, 457, 704, 652, 940, 301, 749, 287, 473,
692, 914, 126, 846, 507, 193, 446, 408, 525, 495,
573, 758, 160, 588, 422, 906, 280, 188, 833, 500,
82, 941, 503, 248, 788, 857, 391, 593, 315, 214,
507, 862, 540, 21, 503, 35, 719, 328, 714, 27,
257, 607, 29, 485, 121, 13, 60, 917, 461, 302,
683, 228, 638, 307, 588, 418, 938, 730, 822, 323,
16, 144, 127, 440, 497, 832, 653, 296, 149, 193,
249, 318, 467, 634, 685, 709, 302, 713, 992, 385,
276, 421, 895, 440, 664, 288, 150, 337, 435, 89,
600, 51, 158, 97, 587, 689, 547, 285, 584, 28,
949, 451, 250, 802, 253, 712, 92, 966, 750, 577,
975, 64, 891, 769, 988, 535, 224, 955, 327, 180,
175, 440, 174, 464, 12, 826, 897, 400, 506, 354,
561, 96, 23, 351, 861, 310, 541, 481, 59, 489,
659, 381, 644, 786, 76, 73, 507, 841, 62, 35,
735, 667, 422, 21, 711, 874, 530, 899, 542, 910,
790, 752, 408, 755, 723, 566, 563, 218, 629, 780,
953, 973, 204, 21, 733, 389, 358, 263, 19, 310,
602, 73, 558, 830, 200, 576, 476, 290, 111, 236,
580, 865, 647, 927, 668, 493, 617, 582, 780, 751,
108, 722, 863, 506, 545, 977, 690, 331, 937, 73,
349, 663, 21, 37, 155, 550, 205, 819, 453, 646,
141, 180, 547, 995, 390, 598, 981, 190, 953, 775,
111, 140, 938, 155, 668, 104, 290, 152, 68, 843,
540, 672, 881, 475, 477, 478, 62, 946, 894, 501,
649, 809, 451, 661, 315, 268, 697, 687, 709, 655,
964, 643, 725, 929, 142, 199, 41, 480, 495, 267,
363, 934, 265, 500, 718, 787, 507, 70, 688, 218,
857, 805, 401, 336, 322, 725, 163, 266, 82, 384,
233, 391, 864, 32, 501, 975, 346, 406, 677, 41,
200, 699, 406, 459, 271, 732, 292, 565, 704, 835,
313, 647, 984, 188, 228, 181, 784, 773, 547, 119,
119, 82, 732, 62, 551, 679, 192, 444, 5, 368,
761, 820, 125, 405, 742, 50, 318, 282, 525, 707,
34, 222, 928, 56, 297, 378, 515, 527, 550, 93,
564, 963, 218, 981, 636, 565, 367, 440, 957, 51,
639, 644, 37, 79, 975, 468, 18, 419, 766, 332,
126, 269, 755, 727, 630, 277, 118, 535, 365, 950,
548, 860, 182, 548, 921, 480, 937, 651, 178, 755,
597, 585, 137, 299, 504, 245, 668, 623, 291, 55,
503, 267, 834, 769, 33, 270, 922, 759, 365, 858,
907, 723, 923, 300, 312, 404, 302, 717, 116, 304,
990, 720, 88, 80, 449, 901, 187, 667, 805, 421,
25, 525, 90, 975, 871, 121, 22, 586, 949, 957,
792, 516, 828, 277, 497, 827, 203, 371, 568, 98,
677, 669, 797, 246, 509, 719, 896, 986, 901, 395,
739, 71, 91, 710, 845, 616, 789, 468, 552, 69,
30, 943, 982, 182, 305, 740, 384, 442, 814, 63,
454, 232, 915, 817, 574, 439, 117, 390, 94, 593,
951, 636, 268, 133, 233, 496, 225, 549, 629, 811,
441, 461, 590, 262, 119, 494, 538, 169, 302, 265,
978, 946, 66, 767, 383, 748, 744, 449, 807, 598,
260, 732, 200, 526, 106, 519, 605, 853, 983, 176,
454, 149, 488, 627, 765, 840, 987, 364, 518, 315,
261, 0, 166, 259, 875, 319, 424, 159, 413, 85,
884, 390, 208, 217, 1, 666, 20, 797, 764, 597,
469, 559, 122, 874, 405, 783, 258, 80, 898, 210,
262, 322, 715, 542, 491, 323, 881, 472, 639, 672,
204, 274, 291, 126, 588, 761, 266, 278, 385, 350,
913, 14, 405, 107, 510, 307, 888, 800, 253, 531,
300, 878, 41, 31, 570, 837, 9, 465, 220, 617,
420, 306, 885, 762, 381, 943, 110, 420, 394, 53,
867, 987, 657, 10, 573, 891, 988, 230, 617, 136,
272, 987, 705, 257, 152, 745, 409, 483, 111, 629,
556, 579, 414, 306, 744, 715, 146, 56, 88, 913,
345, 604, 809, 332, 479, 33, 55, 257, 484, 54,
184, 365, 9, 783, 993, 740, 451, 624, 104, 433,
902, 535, 690, 454, 525, 82, 749, 654, 217, 225,
665, 234, 337, 245, 3, 665, 801, 73, 66, 283,
182, 184, 933, 184, 800, 103, 572, 916, 513, 829,
903, 758, 589, 680, 252, 306, 754, 201, 85, 451,
635, 523, 352, 109, 839, 679, 993, 850, 151, 668,
421, 555, 288, 886, 656, 409, 158, 908, 754, 652,
474, 678, 342, 884, 789, 639, 171, 702, 285, 695,
150, 866, 847, 565, 191, 539, 886, 75, 3, 638,
234, 201, 698, 623, 573, 655, 362, 744, 698, 237,
380, 778, 495, 654, 101, 889, 525, 836, 511, 716,
629, 989, 793, 11, 173, 279, 357, 724, 228, 992,
705, 670, 626, 297, 144, 311, 755, 147, 737, 708,
213, 675, 656, 400, 224, 162, 612, 439, 230, 168,
401, 922, 555, 970, 846, 117, 879, 905, 322, 135,
713, 454, 523, 635, 78, 427, 535, 413, 651, 947,
222, 246, 135, 580, 624, 588, 100, 76, 523, 316,
672, 378, 31, 329, 622, 919, 822, 537, 563, 460,
694, 446, 142, 413, 561, 410, 983, 143, 15, 991,
28, 334, 938, 886, 303, 394, 386, 919, 124, 427,
394, 424, 866, 290, 731, 521, 879, 346, 215, 743,
537, 807, 377, 135, 643, 214, 371, 462, 372, 469,
792, 543, 518, 748, 755, 508, 198, 637, 416, 704,
15, 407, 73, 325, 164, 737, 356, 746, 166, 157,
971, 327, 450, 587, 107, 115, 831, 432, 26, 374,
454, 582, 906, 139, 171, 790, 459, 416, 939, 67,
16, 761, 54, 441, 785, 857, 791, 862, 897, 523,
882, 183, 17, 465, 662, 983, 988, 570, 115, 803,
508, 81, 773, 361, 533, 516, 897, 59, 585, 962,
55, 830, 788, 872, 9, 808, 272, 590, 451, 889,
412, 645, 612, 953, 960, 756, 636, 27, 421, 188,
158, 456, 18, 408, 352, 839, 610, 449, 96, 779,
580, 921, 249, 309, 235, 94, 975, 788, 728, 834,
415, 587, 788, 104, 571, 922, 394, 385, 13, 759,
940, 857, 185, 750, 973, 299, 783, 54, 975, 452,
425, 103, 414, 422, 562, 969, 621, 219, 0, 54,
791, 398, 668, 35, 745, 164, 160, 474, 126, 888,
536, 300, 378, 504, 139, 205, 4, 50, 139, 824,
997, 771, 100, 646, 966, 177, 746, 817, 346, 239,
462, 205, 87, 833, 66, 321, 603, 57, 106, 386,
876, 689, 662, 313, 400, 258, 525, 270, 190, 77,
828, 581, 181, 623, 824, 416, 868, 554, 656, 941,
642, 954, 758, 537, 151, 421, 336, 149, 282, 519,
626, 201, 884, 100, 182, 542, 804, 751, 639, 88,
597, 683, 665, 763, 93, 264, 93, 117, 664, 41,
557, 973, 805, 363, 11, 275, 38, 720, 382, 768,
998, 21, 727, 551, 70, 249, 601, 740, 152, 887,
728, 427, 736, 989, 643, 124, 135, 150, 429, 150,
418, 709, 888, 322, 731, 971, 667, 570, 486, 947,
517, 433, 567, 540, 210, 300, 570, 919, 991, 506,
674, 538, 904, 824, 566, 307, 394, 496, 306, 241,
141, 74, 338, 751, 194, 475, 916, 250, 198, 734,
214, 206, 693, 249, 173, 788, 363, 473, 736, 15,
671, 216, 364, 311, 465, 902, 33, 997, 421, 253,
669, 536, 264, 378, 152, 15, 962, 1, 920, 480,
797, 544, 854, 417, 501, 862, 528, 981, 497, 21,
136, 25, 761, 327, 349, 551, 568, 53, 528, 843,
636, 317, 890, 932, 156, 244, 36, 701, 785, 706,
135, 373, 983, 166, 790, 156, 942, 2, 248, 535,
485, 361, 786, 325, 94, 69, 821, 642, 560, 525,
891, 676, 896, 151, 464, 901, 665, 19, 847, 593,
199, 17, 554, 376, 534, 234, 622, 118, 888, 637,
478, 673, 454, 531, 919, 178, 374, 757, 36, 400,
879, 31, 714, 521, 625, 300, 487, 883, 432, 972,
423, 362, 843, 131, 767, 979, 479, 540, 630, 816,
386, 582, 728, 52, 21, 37, 213, 666, 481, 244,
153, 913, 685, 210, 502, 451, 726, 851, 887, 518,
121, 609, 53, 570, 301, 562, 664, 636, 413, 571,
846, 954, 660, 733, 576, 832, 129, 79, 333, 523,
397, 700, 862, 772, 699, 631, 509, 727, 440, 204,
888, 21, 651, 521, 778, 127, 494, 365, 499, 540,
645, 207, 446, 284, 503, 994, 964, 213, 211, 479,
160, 606, 53, 836, 683, 539, 897, 20, 672, 432,
950, 71, 850, 273, 735, 68, 548, 298, 822, 140,
362, 618, 818, 560, 895, 982, 187, 582, 134, 595,
491, 63, 484, 355, 247, 909, 502, 508, 46, 339,
143, 765, 545, 173, 965, 194, 340, 235, 533, 234,
252, 103, 403, 72, 826, 135, 335, 39, 87, 791,
692, 345, 448, 511, 387, 865, 419, 253, 40, 248,
402, 172, 59, 45, 689, 77, 721, 904, 995, 469,
652, 209, 465, 711, 144, 836, 821, 363, 591, 104,
220, 696, 80, 641, 354, 733, 324, 586, 187, 750,
849, 62, 783, 565, 2, 481, 253, 664, 742, 331,
947, 610, 736, 77, 245, 732, 168, 279, 748, 908,
240, 945, 545, 446, 33, 89, 506, 571, 270, 548,
804, 592, 545, 224, 491, 960, 6, 633, 749, 820,
949, 298, 5, 962, 603, 583, 551, 12, 659, 113,
807, 291, 536, 146, 127, 971, 191, 338, 456, 256,
651, 976, 401, 746, 345, 276, 158, 29, 317, 413,
794, 51, 860, 743, 233, 990, 284, 359, 983, 713,
633, 714, 989, 263, 257, 715, 437, 46, 722, 3,
780, 253, 338, 374, 47, 796, 63, 732, 369, 834,
169, 621, 252, 869, 597, 728, 254, 853, 259, 389,
14, 2, 402, 730, 543, 736, 554, 11, 892, 456,
162, 670, 844, 649, 419, 670, 921, 798, 349, 605,
803, 137, 473, 176, 18, 96, 342, 126, 412, 872,
992, 241, 828, 896, 950, 544, 508, 783, 98, 980,
476, 64, 879, 961, 275, 996, 966, 911, 141, 425,
913, 650, 93, 858, 124, 351, 469, 638, 881, 545,
845, 62, 627, 906, 712, 953, 253, 277, 949, 707,
11, 988, 116, 278, 305, 469, 719, 542, 963, 731,
163, 892, 69, 122, 967, 611, 468, 306, 853, 407,
828, 560, 246, 367, 756, 962, 827, 280, 959, 321,
185, 204, 860, 452, 917, 818, 472, 290, 616, 160,
914, 648, 156, 191, 496, 12, 104, 942, 296, 785,
825, 929, 401, 253, 34, 659, 259, 103, 44, 290,
476, 500, 561, 898, 197, 747, 318, 717, 12, 720,
664, 953, 235, 535, 160, 162, 633, 50, 513, 90,
152, 188, 913, 742, 111, 974, 183, 971, 392, 145,
572, 945, 580, 214, 213, 110, 22, 763, 472, 782,
622, 863, 348, 418, 327, 152, 854, 654, 826, 466,
457, 688, 492, 498, 822, 693, 838, 508, 157, 798,
932, 258, 331, 284, 416, 526, 532, 319, 15, 578,
866, 669, 596, 22, 646, 513, 804, 378, 327, 130,
482, 461, 457, 831, 524, 821, 128, 943, 294, 447,
981, 29, 797, 265, 112, 123, 422, 542, 935, 470,
144, 626, 933, 43, 831, 6, 94, 361, 963, 679,
74, 527, 841, 274, 593, 775, 904, 915, 350, 963,
791, 46, 703, 14, 964, 341, 811, 127, 104, 332,
629, 898, 753, 921, 976, 415, 752, 591, 484, 7,
853, 405, 464, 164, 975, 579, 664, 704, 736, 357,
113, 769, 937, 907, 858, 35, 786, 479, 38, 431,
868, 472, 79, 635, 706, 903, 477, 73, 685, 593,
631, 197, 200, 29, 41, 369, 556, 86, 566, 499,
341, 378, 448, 689, 708, 524, 775, 764, 365, 863,
270, 91, 420, 276, 772, 641, 548, 62, 785, 618,
256, 796, 375, 834, 718, 375, 220, 782, 88, 476,
381, 967, 253, 796, 564, 828, 912, 434, 573, 335,
255, 261, 630, 100, 526, 559, 989, 805, 37, 308,
662, 193, 456, 951, 581, 518, 565, 922, 593, 124,
907, 933, 818, 308, 457, 81, 773, 905, 421, 909,
629, 814, 223, 560, 643, 833, 92, 872, 497, 710,
919, 907, 276, 22, 805, 84, 905, 241, 351, 736,
393, 890, 414, 609, 8, 723, 690, 290, 562, 649,
475, 725, 574, 424, 252, 2, 16, 210, 85, 736,
858, 100, 616, 241, 434, 106, 726, 953, 490, 996,
435, 231, 724, 121, 143, 695, 404, 35, 598, 367,
827, 331, 147, 857, 601, 854, 8, 713, 787, 927,
537, 943, 189, 416, 538, 279, 817, 292, 173, 55,
505, 631, 89, 480, 633, 703, 927, 817, 257, 764,
815, 608, 337, 303, 803, 322, 390, 183, 442, 174,
940, 993, 80, 789, 564, 489, 539, 644, 817, 436,
233, 157, 445, 224, 569, 139, 41, 302, 199, 405,
533, 591, 188, 429, 268, 229, 948, 873, 180, 187,
114, 753, 868, 264, 714, 538, 383, 383, 925, 314,
161, 706, 58, 461, 295, 17, 346, 520, 508, 894,
989, 556, 760, 427, 244, 365, 203, 550, 383, 460,
700, 571, 872, 169, 67, 66, 735, 421, 69, 555,
983, 383, 753, 119, 864, 973, 526, 177, 342, 518,
0, 997, 859, 942, 491, 808, 265, 73, 367, 553,
43, 75, 237, 965, 476, 264, 208, 881, 39, 711,
767, 924, 216, 68, 906, 930, 3, 134, 171, 801,
461, 150, 896, 213, 39, 666, 534, 735, 210, 329,
624, 534, 391, 912, 800, 468, 206, 996, 372, 660,
354, 416, 181, 34, 578, 705, 804, 244, 355, 424,
822, 911, 53, 553, 210, 150, 523, 338, 488, 366,
23, 29, 13, 101, 261, 969, 724, 261, 486, 910,
279, 203, 8, 744, 574, 661, 468, 214, 806, 708,
169, 291, 22, 230, 151, 749, 599, 30, 438, 836,
442, 560, 96, 653, 446, 711, 316, 911, 602, 834,
492, 742, 519, 855, 625, 943, 162, 510, 502, 939,
145, 514, 291, 687, 876, 635, 539, 114, 894, 319,
976, 9, 811, 330, 37, 336, 244, 828, 51, 442,
49, 994, 848, 275, 863, 271, 966, 228, 490, 908,
48, 807, 229, 702, 634, 299, 743, 704, 217, 378,
32, 864, 161, 673, 500, 158, 902, 336, 135, 226,
564, 2, 170, 549, 395, 183, 485, 652, 621, 320,
590, 184, 386, 99, 336, 553, 943, 784, 312, 940,
98, 387, 660, 218, 385, 684, 669, 147, 963, 491,
950, 995, 14, 999, 165, 700, 187, 256, 666, 508,
712, 675, 285, 57, 12, 751, 157, 194, 792, 606,
454, 7, 612, 414, 995, 84, 568, 633, 805, 402,
476, 530, 2, 302, 161, 880, 417, 342, 962, 175,
397, 897, 261, 485, 424, 943, 407, 283, 786, 529,
895, 661, 906, 266, 105, 244, 964, 174, 766, 545,
116, 881, 377, 300, 170, 324, 597, 527, 175, 67,
206, 204, 775, 186, 358, 678, 878, 650, 497, 335,
960, 311, 722, 581, 356, 4, 671, 386, 136, 744,
867, 20, 371, 778, 587, 235, 279, 83, 747, 858,
638, 92, 857, 727, 303, 56, 153, 454, 776, 219,
427, 202, 54, 67, 651, 805, 283, 437, 320, 635,
951, 363, 55, 858, 594, 213, 472, 189, 25, 613,
633, 762, 567, 864, 297, 15, 126, 730, 400, 980,
270, 849, 790, 997, 621, 869, 585, 207, 495, 478,
579, 205, 256, 678, 650, 827, 832, 696, 849, 603,
279, 794, 344, 398, 745, 759, 360, 462, 795, 744,
450, 929, 839, 132, 160, 488, 84, 101, 564, 161,
986, 198, 887, 898, 308, 113, 269, 503, 158, 205,
519, 269, 553, 281, 568, 360, 213, 314, 397, 42,
39, 179, 719, 709, 147, 661, 27, 27, 276, 228,
691, 316, 841, 829, 670, 400, 2, 173, 894, 125,
668, 876, 497, 635, 232, 810, 826, 46, 803, 224,
672, 620, 154, 194, 223, 464, 724, 651, 165, 854,
436, 489, 136, 520, 639, 67, 799, 752, 643, 369,
574, 510, 249, 539, 478, 733, 644, 893, 236, 57,
602, 417, 897, 180, 683, 957, 810, 609, 47, 14,
264, 328, 909, 437, 202, 124, 978, 305, 130, 881,
174, 598, 958, 370, 277, 956, 912, 714, 220, 123,
984, 497, 723, 213, 536, 825, 506, 484, 928, 994,
391, 359, 691, 931, 751, 167, 721, 521, 250, 558,
967, 301, 180, 226, 756, 761, 921, 814, 158, 387,
337, 867, 852, 742, 69, 861, 269, 13, 681, 336,
321, 273, 586, 685, 870, 725, 889, 623, 662, 768,
104, 307, 294, 178, 189, 471, 50, 403, 373, 194,
95, 376, 707, 341, 458, 599, 801, 72, 920, 86,
365, 384, 869, 535, 952, 224, 832, 431, 124, 757,
55, 959, 212, 959, 383, 497, 296, 92, 215, 55,
616, 175, 749, 193, 753, 537, 249, 150, 870, 719,
601, 973, 433, 509, 748, 444, 66, 832, 131, 352,
199, 834, 765, 926, 37, 850, 114, 666, 309, 930,
762, 678, 123, 461, 895, 238, 771, 224, 504, 745,
717, 65, 336, 258, 91, 205, 503, 560, 600, 598,
766, 450, 963, 197, 256, 239, 299, 244, 423, 445,
678, 832, 501, 272, 389, 221, 525, 494, 698, 554,
873, 705, 341, 374, 133, 109, 259, 746, 972, 250,
409, 1, 953, 35, 207, 967, 57, 968, 744, 334,
159, 410, 488, 726, 839, 269, 239, 13, 79, 67,
878, 149, 299, 550, 999, 302, 449, 349, 962, 948,
364, 83, 677, 218, 356, 5, 596, 342, 62, 923,
138, 7, 384, 328, 470, 853, 16, 677, 449, 864,
445, 715, 294, 483, 558, 608, 739, 666, 722, 619,
632, 706, 488, 667, 614, 584, 624, 910, 665, 532,
465, 878, 41, 775, 380, 552, 990, 995, 872, 399,
122, 955, 496, 15, 107, 571, 562, 942, 328, 745,
74, 216, 108, 459, 678, 810, 681, 899, 315, 422,
664, 129, 824, 881, 270, 151, 873, 786, 360, 251,
543, 917, 82, 936, 318, 430, 580, 510, 519, 49,
399, 979, 607, 553, 871, 194, 176, 824, 369, 355,
278, 799, 942, 195, 533, 486, 896, 806, 577, 854,
997, 490, 69, 909, 250, 78, 680, 82, 154, 402,
237, 465, 767, 505, 107, 633, 40, 972, 749, 524,
188, 377, 737, 951, 493, 412, 46, 444, 552, 804,
418, 236, 957, 202, 250, 24, 498, 117, 567, 369,
445, 202, 589, 230, 577, 386, 876, 343, 144, 635,
532, 696, 674, 244, 437, 376, 253, 235, 189, 778,
126, 442, 238, 995, 7, 114, 23, 718, 25, 718,
713, 652, 404, 867, 813, 584, 460, 846, 364, 458,
118, 335, 263, 394, 156, 236, 568, 688, 261, 665,
81, 249, 529, 407, 396, 316, 19, 802, 154, 646,
752, 472, 768, 339, 159, 207, 214, 806, 609, 805,
2, 571, 539, 302, 205, 411, 450, 26, 772, 160,
734, 13, 978, 353, 930, 851, 163, 504, 739, 619,
476, 201, 158, 899, 362, 494, 15, 573, 697, 378,
472, 112, 974, 930, 623, 778, 526, 507, 699, 981,
672, 879, 528, 439, 432, 90, 56, 551, 565, 212,
853, 996, 422, 48, 516, 448, 577, 533, 380, 861,
228, 282, 520, 543, 376, 903, 993, 850, 690, 945,
0, 861, 571, 823, 138, 112, 827, 427, 892, 513,
305, 755, 689, 141, 22, 49, 818, 494, 476, 759,
837, 280, 145, 7, 482, 32, 520, 442, 914, 151,
761, 263, 8, 659, 991, 854, 468, 742, 683, 374,
446, 908, 303, 28, 448, 343, 606, 876, 615, 341,
570, 293, 379, 349, 78, 545, 877, 749, 702, 154,
825, 855, 867, 427, 940, 526, 203, 189, 63, 124,
48, 369, 213, 597, 231, 46, 273, 665, 869, 99,
484, 989, 821, 679, 102, 364, 797, 319, 250, 485,
898, 232, 271, 685, 504, 214, 963, 774, 623, 628,
875, 127, 338, 125, 785, 838, 905, 714, 182, 787,
338, 628, 488, 367, 172, 813, 45, 702, 364, 330,
168, 496, 836, 756, 739, 438, 464, 600, 806, 411,
954, 395, 495, 865, 801, 625, 475, 350, 894, 288,
60, 862, 375, 809, 20, 795, 15, 943, 120, 49,
445, 243, 224, 431, 156, 926, 822, 228, 444, 296,
989, 910, 46, 530, 692, 65, 518, 287, 387, 13,
980, 376, 741, 657, 171, 488, 191, 823, 958, 668,
648, 872, 535, 528, 33, 937, 250, 526, 55, 942,
898, 56, 287, 598, 730, 496, 569, 231, 399, 565,
880, 172, 628, 241, 697, 716, 518, 18, 674, 629,
57, 14, 357, 944, 730, 858, 701, 519, 959, 763,
79, 12, 419, 830, 965, 36, 823, 574, 711, 412,
189, 117, 107, 562, 55, 733, 503, 895, 272, 718,
164, 388, 584, 51, 614, 891, 422, 408, 425, 375,
337, 895, 710, 487, 664, 307, 382, 943, 819, 164,
38, 967, 1, 405, 243, 847, 387, 586, 216, 363,
889, 414, 846, 132, 795, 44, 660, 576, 907, 92,
359, 939, 353, 600, 403, 654, 119, 447, 851, 735,
431, 90, 877, 104, 241, 558, 721, 388, 737, 121,
692, 831, 889, 200, 464, 894, 395, 304, 678, 712,
241, 324, 215, 267, 32, 679, 23, 881, 106, 946,
11, 756, 355, 456, 733, 504, 687, 743, 533, 240,
202, 314, 34, 324, 696, 605, 17, 561, 998, 801,
493, 553, 616, 257, 728, 341, 5, 979, 73, 849,
80, 235, 223, 511, 968, 557, 981, 230, 642, 98,
390, 619, 325, 260, 146, 409, 726, 965, 530, 22,
277, 621, 33, 902, 56, 547, 123, 611, 959, 542,
698, 549, 24, 484, 943, 431, 628, 274, 406, 122,
849, 797, 565, 902, 329, 873, 182, 734, 299, 48,
818, 787, 281, 437, 169, 100, 650, 817, 720, 685,
960, 990, 450, 981, 524, 363, 578, 180, 145, 839,
967, 29, 278, 449, 585, 160, 424, 719, 859, 955,
800, 893, 186, 834, 576, 577, 645, 109, 84, 965,
790, 865, 591, 69, 288, 761, 763, 281, 96, 279,
773, 908, 193, 181, 800, 934, 539, 929, 801, 255,
843, 577, 675, 46, 729, 67, 644, 953, 150, 360,
879, 85, 165, 849, 884, 641, 812, 514, 757, 382,
490, 711, 522, 185, 859, 821, 351, 868, 2, 138,
564, 753, 670, 415, 509, 785, 104, 780, 715, 365,
708, 901, 156, 314, 166, 796, 550, 922, 263, 943,
354, 81, 240, 924, 846, 29, 78, 498, 467, 370,
807, 874, 337, 373, 284, 525, 415, 591, 919, 503,
935, 964, 286, 557, 97, 988, 209, 563, 55, 786,
289, 297, 466, 228, 921, 223, 115, 690, 370, 310,
748, 530, 345, 225, 888, 930, 804, 348, 639, 752,
341, 923, 735, 559, 493, 231, 720, 483, 893, 861,
542, 687, 177, 903, 141, 477, 294, 910, 216, 462,
662, 432, 394, 938, 801, 135, 737, 522, 686, 563,
495, 755, 99, 889, 691, 774, 41, 67, 176, 375,
147, 170, 908, 203, 624, 329, 491, 685, 215, 684,
717, 66, 291, 585, 205, 459, 311, 13, 388, 203,
867, 698, 126, 594, 104, 176, 595, 121, 121, 362,
376, 975, 922, 594, 191, 796, 965, 527, 156, 212,
795, 398, 938, 341, 464, 799, 278, 389, 338, 194,
489, 846, 83, 826, 508, 995, 133, 560, 991, 0,
493, 651, 138, 404, 659, 934, 720, 746, 713, 690,
985, 689, 866, 910, 575, 945, 798, 884, 75, 63,
371, 943, 208, 443, 317, 562, 984, 191, 449, 137,
335, 394, 630, 14, 805, 678, 126, 917, 735, 527,
716, 857, 280, 182, 357, 931, 380, 724, 316, 728,
893, 555, 153, 218, 626, 873, 890, 834, 428, 150,
573, 772, 835, 409, 340, 147, 625, 157, 42, 199,
925, 426, 301, 612, 18, 793, 452, 638, 17, 808,
451, 761, 93, 903, 453, 373, 341, 602, 297, 114,
615, 576, 48, 488, 147, 35, 910, 987, 374, 97,
991, 133, 496, 850, 364, 84, 240, 595, 54, 901,
366, 515, 738, 497, 169, 420, 294, 456, 634, 748,
139, 955, 849, 676, 747, 934, 375, 385, 197, 317,
660, 329, 974, 462, 569, 96, 282, 712, 816, 164,
932, 219, 755, 749, 426, 456, 147, 386, 29, 977,
466, 16, 496, 684, 570, 628, 494, 525, 839, 154,
0, 698, 995, 118, 855, 394, 481, 812, 999, 480,
684, 580, 37, 85, 496, 536, 99, 4, 417, 584,
730, 74, 547, 766, 247, 710, 514, 646, 672, 533,
76, 696, 992, 769, 651, 233, 985, 834, 551, 766,
402, 453, 915, 890, 650, 621, 118, 18, 516, 287,
205, 536, 28, 347, 807, 173, 520, 983, 250, 379,
690, 694, 836, 177, 21, 714, 36, 479, 741, 541,
546, 845, 788, 470, 108, 880, 75, 410, 595, 693,
614, 529, 566, 496, 43, 322, 853, 303, 12, 2,
480, 282, 211, 673, 320, 958, 574, 261, 854, 331,
523, 275, 684, 59, 557, 683, 1, 604, 335, 196,
585, 943, 432, 728, 387, 761, 688, 689, 509, 874,
595, 804, 205, 245, 460, 61, 713, 215, 779, 219,
178, 300, 986, 957, 396, 766, 52, 325, 393, 87,
319, 652, 30, 273, 419, 966, 390, 291, 667, 599,
350, 423, 316, 47, 490, 658, 380, 378, 110, 476,
173, 403, 910, 169, 346, 434, 97, 215, 257, 403,
916, 624, 330, 145, 252, 538, 431, 98, 662, 854,
172, 597, 98, 374, 96, 626, 69, 954, 244, 73,
126, 693, 164, 245, 788, 619, 76, 714, 653, 6,
261, 237, 802, 713, 304, 203, 89, 716, 499, 829,
587, 417, 953, 922, 992, 271, 494, 749, 903, 997,
44, 521, 59, 865, 335, 186, 842, 442, 904, 269,
375, 858, 864, 459, 347, 888, 363, 819, 63, 901,
991, 638, 917, 222, 485, 742, 184, 9, 479, 241,
393, 923, 99, 26, 652, 417, 679, 513, 778, 558,
117, 964, 559, 613, 969, 478, 447, 119, 185, 375,
677, 542, 220, 549, 468, 243, 566, 921, 346, 605,
427, 397, 930, 372, 217, 356, 400, 893, 292, 986,
58, 462, 492, 894, 181, 997, 889, 317, 830, 180,
242, 186, 115, 743, 138, 666, 889, 425, 20, 484,
62, 732, 585, 361, 577, 183, 232, 136, 481, 885,
981, 286, 516, 620, 596, 780, 202, 555, 111, 473,
824, 48, 263, 793, 313, 192, 336, 870, 426, 984,
625, 382, 132, 108, 146, 821, 928, 238, 997, 989,
286, 177, 890, 796, 47, 694, 254, 805, 28, 487,
228, 824, 590, 202, 464, 366, 887, 697, 47, 888,
160, 103, 18, 264, 341, 877, 173, 546, 174, 615,
931, 700, 655, 136, 108, 516, 683, 925, 618, 81,
52, 112, 776, 260, 350, 860, 156, 768, 669, 185,
446, 224, 539, 472, 561, 704, 151, 537, 603, 80,
339, 666, 168, 444, 180, 20, 827, 990, 984, 449,
23, 112, 114, 336, 394, 981, 929, 740, 371, 560,
939, 473, 46, 159, 772, 281, 406, 673, 779, 934,
547, 509, 815, 249, 636, 397, 365, 899, 182, 771,
110, 977, 669, 635, 735, 485, 899, 497, 984, 531,
935, 692, 497, 961, 303, 356, 201, 459, 961, 368,
122, 38, 294, 771, 290, 651, 56, 359, 467, 270,
182, 26, 357, 655, 709, 545, 953, 168, 746, 634,
769, 961, 925, 350, 519, 937, 544, 183, 540, 902,
425, 151, 290, 471, 235, 809, 820, 967, 172, 59,
420, 980, 242, 468, 781, 665, 855, 666, 722, 721,
799, 992, 374, 958, 216, 110, 702, 809, 274, 161,
492, 778, 22, 541, 613, 673, 171, 416, 757, 262,
215, 688, 145, 463, 187, 584, 342, 392, 842, 983,
744, 992, 796, 249, 718, 185, 702, 475, 188, 336,
100, 817, 200, 222, 233, 522, 865, 974, 542, 158,
821, 568, 210, 366, 243, 573, 945, 406, 760, 260,
663, 175, 637, 253, 415, 399, 784, 347, 303, 413,
338, 399, 342, 455, 338, 643, 330, 238, 808, 820,
731, 917, 564, 189, 972, 606, 832, 983, 155, 350,
427, 357, 102, 618, 0, 895, 440, 210, 694, 581,
964, 284, 193, 766, 658, 228, 409, 185, 72, 762,
649, 781, 227, 117, 603, 164, 574, 383, 410, 21,
793, 537, 264, 114, 966, 617, 417, 663, 832, 760,
95, 829, 117, 145, 775, 21, 878, 599, 517, 192,
316, 94, 44, 775, 925, 260, 688, 39, 111, 601,
759, 599, 548, 470, 21, 861, 551, 866, 919, 421,
423, 443, 3, 467, 521, 979, 326, 940, 242, 40,
366, 48, 869, 928, 633, 843, 130, 628, 100, 556,
704, 557, 345, 517, 212, 661, 355, 732, 714, 760,
220, 617, 988, 730, 266, 145, 657, 698, 301, 114,
631, 639, 724, 105, 332, 122, 272, 912, 785, 581,
488, 500, 729, 778, 79, 694, 216, 935, 915, 600,
335, 920, 15, 890, 639, 102, 100, 245, 332, 910,
835, 489, 565, 725, 959, 986, 96, 995, 729, 264,
475, 21, 331, 623, 889, 184, 88, 635, 937, 195,
251, 536, 549, 60, 216, 698, 202, 117, 481, 657,
843, 384, 818, 431, 971, 705, 503, 516, 810, 492,
292, 297, 960, 166, 172, 180, 608, 160, 254, 268,
855, 121, 213, 886, 517, 659, 719, 847, 834, 882,
289, 235, 277, 816, 817, 893, 649, 836, 388, 791,
914, 787, 697, 764, 871, 240, 693, 397, 103, 481,
600, 337, 393, 706, 16, 728, 190, 54, 565, 802,
410, 578, 468, 339, 211, 596, 616, 946, 113, 844,
14, 875, 335, 451, 592, 305, 248, 849, 101, 0,
846, 619, 670, 474, 79, 253, 708, 648, 777, 811,
80, 379, 904, 399, 27, 603, 549, 278, 215, 248,
209, 843, 309, 103, 330, 745, 145, 680, 773, 611,
739, 758, 869, 974, 688, 430, 850, 610, 400, 732,
510, 660, 969, 514, 700, 152, 340, 90, 914, 109,
62, 645, 193, 953, 338, 549, 874, 631, 972, 233,
299, 453, 249, 335, 458, 643, 326, 79, 50, 705,
38, 500, 644, 257, 992, 262, 591, 885, 616, 903,
491, 266, 357, 803, 266, 605, 691, 483, 504, 460,
370, 731, 557, 80, 870, 738, 392, 881, 8, 643,
198, 243, 933, 514, 459, 184, 286, 32, 9, 495,
128, 883, 719, 83, 980, 504, 963, 543, 866, 986,
243, 816, 617, 991, 913, 811, 442, 873, 541, 641,
838, 467, 151, 239, 229, 836, 29, 955, 273, 353,
793, 189, 514, 70, 63, 362, 491, 652, 765, 55,
653, 338, 676, 908, 979, 485, 679, 206, 637, 218,
498, 265, 137, 14, 708, 254, 366, 732, 679, 778,
755, 638, 656, 183, 712, 311, 546, 63, 971, 273,
24, 510, 678, 323, 643, 639, 630, 573, 272, 441,
423, 454, 878, 332, 207, 638, 310, 695, 153, 504,
764, 787, 818, 658, 253, 774, 25, 656, 145, 305,
946, 509, 499, 50, 164, 692, 7, 377, 500, 199,
748, 701, 673, 997, 857, 807, 265, 273, 37, 978,
996, 889, 889, 512, 232, 532, 577, 337, 820, 655,
164, 440, 858, 394, 359, 902, 934, 238, 656, 115,
196, 658, 874, 249, 785, 767, 333, 356, 280, 744,
376, 599, 368, 430, 225, 481, 444, 35, 99, 24,
67, 830, 930, 444, 665, 774, 411, 63, 110, 722,
504, 844, 309, 671, 754, 126, 528, 956, 527, 570,
434, 995, 455, 831, 805, 105, 962, 308, 421, 528,
860, 531, 101, 738, 259, 758, 777, 154, 104, 847,
179, 869, 484, 412, 649, 775, 670, 218, 503, 187,
154, 201, 593, 554, 811, 793, 980, 928, 12, 379,
813, 491, 844, 635, 250, 910, 760, 749, 512, 389,
294, 413, 461, 450, 791, 131, 935, 159, 771, 191,
372, 357, 716, 234, 835, 605, 852, 381, 859, 652,
848, 469, 715, 292, 442, 655, 282, 841, 65, 177,
480, 225, 244, 394, 108, 432, 943, 10, 407, 834,
924, 253, 401, 866, 205, 275, 226, 683, 929, 36,
780, 229, 502, 515, 439, 651, 383, 992, 493, 298,
597, 34, 200, 988, 90, 805, 336, 54, 412, 448,
753, 463, 559, 458, 452, 850, 710, 631, 277, 213,
267, 277, 373, 883, 957, 148, 49, 407, 874, 285,
779, 786, 269, 473, 407, 895, 145, 670, 497, 757,
999, 310, 341, 597, 52, 872, 223, 181, 503, 299,
716, 667, 730, 936, 640, 342, 758, 696, 521, 753,
228, 790, 868, 313, 553, 806, 55, 282, 593, 93,
239, 789, 992, 387, 523, 837, 188, 871, 472, 234,
951, 441, 951, 477, 589, 854, 412, 69, 472, 415,
815, 537, 628, 539, 320, 855, 408, 39, 311, 605,
793, 955, 42, 598, 470, 863, 99, 975, 855, 677,
561, 586, 679, 912, 142, 891, 524, 486, 352, 265,
460, 954, 108, 191, 971, 645, 296, 892, 586, 646,
791, 904, 746, 983, 755, 368, 305, 618, 622, 851,
652, 756, 449, 853, 30, 729, 897, 276, 88, 296,
958, 98, 34, 424, 486, 267, 24, 995, 786, 639,
864, 186, 95, 874, 323, 913, 288, 18, 323, 765,
554, 496, 748, 187, 392, 155, 445, 371, 272, 354,
777, 828, 557, 776, 137, 865, 326, 436, 660, 557,
615, 50, 42, 756, 503, 796, 341, 562, 386, 277,
210, 271, 576, 224, 790, 827, 782, 276, 852, 942,
307, 267, 422, 403, 77, 475, 130, 478, 917, 260,
231, 308, 440, 115, 175, 74, 47, 374, 720, 57,
394, 537, 374, 800, 353, 305, 763, 307, 307, 575,
202, 778, 722, 208, 568, 421, 278, 106, 468, 926,
761, 881, 424, 839, 515, 259, 880, 22, 672, 360,
555, 302, 255, 462, 16, 249, 763, 60, 827, 875,
23, 382, 239, 376, 989, 792, 862, 592, 984, 318,
95, 266, 580, 332, 336, 518, 162, 177, 261, 712,
304, 162, 583, 282, 440, 452, 591, 369, 368, 697,
549, 19, 282, 223, 197, 159, 493, 221, 361, 406,
387, 31, 749, 248, 308, 764, 238, 258, 300, 303,
212, 879, 856, 307, 179, 524, 327, 178, 348, 912,
710, 312, 137, 612, 572, 435, 633, 247, 136, 45,
297, 430, 744, 133, 420, 322, 331, 915, 43, 282,
448, 803, 888, 259, 921, 908, 663, 868, 587, 282,
23, 487, 783, 816, 672, 229, 677, 785, 62, 385,
199, 9, 5, 776, 909, 16, 660, 327, 248, 943,
766, 894, 424, 582, 999, 444, 305, 733, 925, 467,
723, 370, 447, 701, 26, 314, 410, 598, 214, 83,
321, 84, 787, 369, 997, 101, 571, 808, 974, 568,
642, 594, 904, 407, 411, 584, 978, 259, 266, 902,
331, 480, 609, 91, 405, 786, 399, 958, 14, 688,
933, 335, 277, 712, 843, 341, 426, 140, 19, 140,
729, 508, 779, 194, 521, 980, 193, 953, 816, 918,
810, 887, 585, 683, 948, 60, 240, 207, 5, 556,
789, 546, 116, 591, 280, 102, 134, 957, 620, 405,
67, 845, 247, 307, 138, 263, 856, 549, 82, 801,
530, 104, 627, 47, 336, 860, 972, 631, 785, 50,
934, 500, 143, 532, 409, 97, 242, 13, 38, 368,
242, 489, 436, 563, 637, 286, 183, 139, 94, 362,
294, 47, 391, 422, 388, 864, 336, 644, 585, 658,
200, 870, 257, 605, 963, 783, 294, 373, 796, 365,
986, 615, 437, 527, 911, 134, 573, 227, 290, 508,
754, 748, 573, 44, 232, 106, 677, 168, 512, 442,
219, 734, 900, 912, 958, 737, 473, 514, 81, 909,
670, 775, 785, 858, 917, 199, 339, 133, 447, 772,
355, 252, 533, 42, 799, 184, 836, 387, 597, 912,
968, 207, 906, 955, 21, 50, 542, 182, 306, 485,
684, 695, 79, 786, 765, 73, 336, 266, 703, 410,
443, 97, 954, 761, 766, 661, 148, 827, 84, 658,
166, 168, 146, 970, 511, 385, 28, 619, 423, 581,
270, 769, 310, 461, 728, 638, 701, 428, 761, 31,
749, 779, 303, 465, 880, 156, 198, 331, 397, 301,
112, 702, 151, 127, 428, 75, 496, 360, 177, 651,
770, 390, 276, 749, 535, 437, 648, 963, 49, 138,
358, 574, 124, 561, 726, 604, 603, 836, 213, 94,
920, 973, 775, 535, 0, 334, 838, 874, 390, 415,
675, 339, 663, 24, 949, 817, 302, 592, 128, 858,
785, 845, 240, 824, 540, 580, 502, 938, 884, 627,
602, 998, 158, 181, 793, 565, 145, 222, 273, 568,
90, 895, 59, 802, 935, 949, 248, 982, 549, 397,
480, 810, 29, 771, 390, 483, 541, 859, 912, 52,
860, 167, 797, 705, 920, 763, 72, 897, 467, 341,
804, 668, 554, 576, 888, 88, 96, 515, 310, 26,
651, 526, 271, 540, 654, 261, 201, 338, 503, 464,
491, 457, 417, 753, 639, 889, 540, 760, 609, 562,
60, 595, 912, 926, 576, 506, 211, 942, 412, 195,
678, 48, 744, 689, 629, 158, 978, 546, 704, 946,
634, 657, 335, 361, 429, 801, 840, 534, 492, 19,
127, 289, 701, 242, 949, 479, 546, 701, 868, 499,
825, 813, 769, 917, 333, 335, 403, 474, 538, 676,
108, 181, 510, 743, 798, 133, 678, 311, 55, 702,
79, 590, 904, 428, 454, 193, 674, 470, 690, 448,
490, 127, 497, 80, 175, 123, 520, 112, 769, 688,
87, 889, 956, 994, 3, 226, 254, 68, 934, 170,
277, 3, 900, 23, 476, 101, 760, 711, 488, 123,
295, 5, 198, 587, 34, 62, 359, 625, 706, 708,
390, 998, 591, 242, 274, 113, 586, 882, 103, 926,
180, 156, 978, 820, 461, 607, 404, 516, 809, 645,
966, 670, 17, 898, 439, 334, 798, 941, 962, 767,
659, 546, 723, 462, 700, 911, 419, 579, 329, 454,
770, 628, 847, 859, 197, 386, 793, 366, 272, 879,
11, 267, 557, 960, 575, 856, 846, 752, 60, 558,
495, 670, 980, 20, 480, 368, 44, 960, 929, 975,
137, 191, 703, 485, 585, 528, 918, 476, 296, 596,
687, 24, 220, 432, 117, 616, 59, 878, 914, 154,
76, 33, 647, 461, 331, 24, 164, 930, 705, 805,
980, 733, 211, 846, 373, 41, 25, 531, 766, 874,
666, 793, 50, 15, 510, 350, 141, 39, 852, 702,
628, 11, 318, 678, 977, 652, 746, 191, 303, 990,
746, 981, 155, 294, 653, 369, 508, 768, 711, 587,
5, 749, 967, 492, 480, 74, 400, 883, 765, 244,
938, 566, 227, 259, 474, 156, 454, 996, 319, 425,
682, 388, 446, 377, 911, 177, 865, 752, 398, 531,
939, 770, 74, 739, 631, 430, 194, 819, 394, 248,
838, 255, 902, 680, 744, 994, 680, 485, 686, 92,
748, 829, 109, 586, 231, 305, 648, 678, 78, 725,
816, 889, 221, 38, 518, 870, 850, 847, 127, 97,
676, 13, 8, 176, 390, 753, 235, 9, 520, 567,
224, 84, 791, 781, 183, 282, 812, 357, 868, 174,
355, 214, 101, 867, 213, 240, 56, 406, 952, 255,
776, 917, 181, 634, 402, 888, 651, 236, 11, 487,
562, 123, 189, 661, 578, 391, 761, 795, 349, 317,
254, 352, 130, 188, 307, 343, 627, 272, 817, 458,
330, 598, 357, 982, 759, 919, 21, 350, 765, 80,
945, 845, 822, 64, 180, 54, 764, 740, 490, 678,
914, 552, 124, 444, 898, 351, 818, 967, 320, 989,
801, 914, 742, 627, 413, 620, 777, 795, 968, 835,
413, 972, 164, 121, 301, 120, 901, 575, 677, 180,
275, 874, 99, 552, 207, 459, 987, 607, 275, 243,
130, 297, 415, 974, 14, 527, 977, 159, 516, 79,
828, 621, 569, 106, 285, 589, 909, 137, 698, 80,
173, 567, 811, 23, 408, 155, 334, 251, 325, 900,
574, 138, 115, 986, 475, 919, 32, 291, 640, 320,
470, 403, 753, 606, 347, 872, 251, 913, 79, 853,
89, 970, 940, 956, 516, 925, 329, 858, 50, 223,
904, 909, 634, 316, 9, 969, 439, 36, 822, 340,
251, 750, 888, 591, 374, 694, 153, 470, 727, 451,
924, 122, 234, 492, 266, 908, 667, 613, 335, 508,
2, 316, 316, 516, 936, 65, 69, 278, 168, 461,
702, 373, 145, 794, 162, 515, 891, 867, 997, 534,
473, 261, 235, 384, 934, 135, 807, 256, 498, 974,
576, 307, 15, 788, 521, 639, 447, 674, 696, 297,
401, 107, 826, 53, 987, 722, 973, 702, 218, 655,
485, 967, 200, 23, 91, 737, 397, 234, 747, 797,
33, 896, 421, 805, 552, 438, 7, 935, 160, 285,
41, 530, 815, 965, 481, 83, 929, 968, 375, 33,
368, 129, 59, 176, 180, 415, 486, 859, 470, 437,
639, 70, 319, 892, 687, 979, 950, 610, 862, 27,
858, 45, 703, 136, 197, 571, 714, 136, 914, 428,
482, 508, 536, 210, 222, 770, 942, 511, 91, 320,
410, 400, 865, 114, 197, 937, 940, 621, 721, 265,
311, 813, 350, 719, 268, 92, 737, 237, 247, 84,
910, 620, 12, 15, 784, 57, 78, 397, 806, 542,
865, 806, 112, 628, 642, 704, 762, 935, 662, 179,
784, 602, 336, 387, 932, 309, 231, 494, 571, 356,
559, 839, 142, 298, 743, 258, 120, 446, 331, 905,
116, 973, 914, 358, 113, 168, 787, 121, 367, 183,
83, 917, 700, 134, 59, 886, 227, 438, 840, 862,
405, 399, 266, 816, 858, 142, 593, 364, 657, 930,
981, 413, 702, 891, 93, 135, 892, 612, 178, 149,
156, 208, 117, 522, 132, 219, 430, 646, 347, 427,
791, 763, 884, 615, 48, 633, 866, 222, 236, 47,
915, 603, 164, 778, 959, 616, 938, 651, 498, 865,
297, 4, 832, 698, 659, 499, 225, 227, 235, 275,
430, 827, 764, 655, 834, 27, 185, 176, 692, 76,
791, 137, 589, 876, 312, 593, 533, 860, 737, 840,
227, 374, 222, 710, 52, 734, 53, 776, 690, 605,
320, 117, 633, 46, 583, 648, 183, 43, 253, 302,
427, 167, 58, 355, 479, 234, 457, 952, 632, 32,
690, 455, 174, 667, 331, 490, 31, 394, 91, 329,
952, 578, 903, 251, 679, 956, 360, 439, 267, 543,
965, 139, 181, 352, 589, 5, 331, 943, 231, 151,
418, 467, 750, 368, 147, 817, 367, 609, 778, 385,
85, 326, 539, 985, 263, 262, 238, 358, 119, 308,
829, 256, 95, 783, 322, 950, 152, 46, 990, 578,
99, 296, 144, 430, 315, 339, 595, 438, 138, 763,
556, 104, 723, 750, 922, 906, 512, 702, 310, 747,
637, 727, 253, 453, 20, 833, 243, 209, 195, 255,
483, 259, 819, 689, 789, 111, 466, 480, 838, 693,
819, 920, 118, 649, 213, 707, 910, 734, 129, 395,
920, 12, 600, 983, 332, 718, 413, 626, 360, 305,
614, 833, 240, 955, 56, 140, 118, 864, 35, 790,
372, 587, 652, 552, 311, 275, 443, 419, 254, 476,
660, 365, 580, 503, 681, 485, 498, 948, 80, 234,
648, 343, 593, 562, 797, 873, 235, 423, 462, 41,
303, 86, 331, 138, 940, 867, 936, 935, 53, 767,
115, 612, 480, 443, 129, 734, 537, 530, 822, 814,
127, 233, 36, 586, 924, 346, 403, 837, 450, 355,
867, 81, 532, 608, 494, 209, 891, 40, 121, 971,
595, 214, 756, 238, 798, 126, 360, 145, 734, 764,
553, 300, 24, 703, 548, 763, 687, 211, 642, 912,
791, 719, 405, 655, 132, 948, 275, 673, 706, 520,
481, 961, 606, 810, 386, 459, 188, 486, 392, 870,
362, 723, 578, 239, 77, 692, 694, 992, 411, 68,
809, 545, 249, 269, 477, 366, 30, 50, 34, 480,
23, 723, 425, 105, 836, 793, 548, 994, 755, 259,
602, 207, 652, 761, 890, 702, 885, 751, 245, 627,
534, 644, 769, 424, 647, 27, 203, 739, 601, 745,
469, 896, 707, 337, 616, 601, 486, 452, 35, 803,
507, 221, 389, 915, 355, 652, 192, 609, 183, 169,
527, 644, 18, 92, 97, 550, 107, 522, 494, 696,
439, 451, 985, 729, 830, 17, 279, 275, 741, 499,
671, 927, 748, 115, 946, 379, 905, 525, 61, 425,
5, 970, 125, 481, 269, 380, 778, 537, 116, 714,
287, 157, 815, 238, 329, 98, 921, 157, 357, 647,
464, 462, 527, 485, 615, 191, 185, 214, 949, 92,
945, 157, 518, 450, 646, 508, 377, 899, 364, 708,
226, 139, 309, 896, 753, 762, 954, 667, 714, 187,
355, 395, 734, 525, 12, 606, 842, 967, 345, 964,
351, 721, 3, 125, 418, 104, 723, 485, 412, 91,
654, 532, 357, 764, 9, 691, 725, 337, 887, 412,
707, 204, 569, 433, 617, 223, 709, 496, 767, 628,
923, 798, 191, 900, 731, 729, 769, 470, 779, 402,
664, 354, 784, 955, 725, 295, 162, 941, 883, 90,
398, 854, 226, 112, 14, 296, 624, 213, 843, 677,
252, 934, 438, 114, 229, 700, 803, 610, 235, 50,
959, 413, 868, 601, 531, 304, 682, 242, 801, 743,
131, 804, 327, 592, 505, 782, 499, 217, 482, 271,
45, 981, 835, 76, 667, 475, 977, 82, 528, 791,
776, 549, 734, 829, 976, 168, 383, 148, 108, 782,
214, 119, 821, 384, 923, 2, 767, 592, 391, 891,
601, 757, 820, 246, 811, 288, 177, 134, 627, 126,
397, 305, 953, 247, 833, 427, 924, 279, 163, 901,
252, 899, 248, 559, 753, 318, 146, 772, 675, 116,
778, 406, 140, 455, 616, 162, 612, 232, 329, 509,
355, 496, 0, 726, 692, 855, 8, 374, 560, 742,
104, 989, 960, 8, 240, 407, 711, 750, 523, 903,
887, 739, 78, 779, 707, 732, 216, 192, 733, 381,
202, 711, 554, 48, 105, 480, 218, 591, 34, 302,
716, 716, 381, 452, 145, 567, 549, 542, 160, 407,
295, 706, 194, 45, 425, 720, 126, 310, 117, 649,
736, 407, 205, 12, 758, 917, 121, 999, 356, 173,
944, 3, 208, 18, 507, 568, 552, 998, 96, 396,
546, 139, 37, 270, 220, 353, 747, 872, 901, 331,
918, 620, 84, 253, 234, 381, 328, 665, 632, 793,
528, 58, 329, 198, 532, 816, 938, 235, 523, 998,
288, 705, 534, 448, 38, 530, 421, 257, 765, 800,
289, 988, 396, 969, 233, 65, 208, 713, 233, 202,
557, 456, 456, 206, 502, 302, 168, 630, 769, 357,
468, 695, 326, 526, 237, 423, 690, 430, 317, 315,
223, 2, 224, 128, 198, 176, 311, 257, 376, 832,
191, 793, 529, 820, 994, 777, 102, 892, 277, 868,
968, 148, 929, 256, 434, 682, 981, 504, 560, 762,
796, 360, 352, 133, 627, 721, 917, 730, 742, 750,
169, 723, 908, 590, 283, 563, 296, 738, 26, 6,
769, 289, 449, 906, 980, 587, 323, 389, 544, 787,
88, 327, 578, 656, 177, 81, 867, 85, 480, 430,
783, 432, 116, 833, 767, 96, 500, 447, 649, 491,
425, 310, 469, 774, 457, 471, 292, 326, 265, 24,
917, 951, 891, 772, 448, 43, 513, 127, 758, 429,
760, 389, 288, 159, 232, 770, 367, 704, 963, 703,
100, 706, 244, 700, 722, 859, 955, 225, 904, 618,
326, 426, 75, 565, 457, 522, 788, 25, 433, 710,
870, 777, 501, 797, 178, 362, 558, 839, 526, 159,
865, 716, 835, 792, 683, 230, 14, 128, 5, 866,
922, 575, 287, 595, 676, 85, 681, 79, 583, 145,
32, 734, 681, 345, 390, 624, 742, 138, 694, 735,
507, 555, 574, 341, 637, 893, 733, 118, 355, 821,
615, 633, 513, 581, 495, 459, 127, 15, 636, 725,
882, 916, 431, 800, 425, 397, 684, 614, 330, 88,
959, 386, 558, 644, 329, 50, 354, 424, 643, 44,
432, 297, 130, 79, 213, 219, 548, 411, 980, 51,
498, 820, 563, 122, 774, 131, 781, 620, 886, 125,
896, 81, 466, 344, 375, 764, 779, 324, 898, 3,
220, 846, 916, 38, 838, 835, 158, 115, 838, 466,
307, 704, 617, 498, 108, 515, 460, 183, 108, 287,
301, 295, 454, 728, 886, 626, 870, 137, 211, 489,
781, 516, 993, 62, 393, 106, 666, 541, 12, 859,
14, 873, 628, 376, 220, 745, 827, 815, 217, 36,
520, 790, 712, 804, 622, 604, 380, 943, 635, 573,
554, 651, 651, 588, 50, 619, 966, 990, 950, 917,
576, 780, 748, 271, 143, 585, 241, 553, 634, 549,
495, 771, 576, 873, 240, 642, 615, 788, 363, 400,
782, 302, 679, 458, 917, 811, 734, 910, 651, 226,
900, 996, 712, 942, 503, 996, 804, 972, 417, 992,
504, 678, 763, 92, 52, 704, 949, 115, 712, 865,
580, 795, 335, 605, 563, 637, 121, 48, 181, 254,
216, 773, 361, 353, 885, 448, 231, 312, 780, 529,
731, 448, 13, 202, 824, 165, 404, 498, 774, 838,
795, 387, 494, 859, 303, 185, 821, 228, 104, 901,
784, 131, 877, 176, 896, 876, 623, 604, 214, 412,
381, 367, 736, 80, 569, 553, 660, 552, 608, 897,
60, 204, 807, 946, 362, 477, 140, 100, 782, 47,
843, 704, 727, 485, 530, 636, 399, 230, 823, 216,
450, 183, 440, 720, 695, 129, 644, 971, 119, 276,
784, 355, 558, 452, 60, 798, 232, 539, 287, 524,
342, 223, 376, 298, 681, 653, 823, 399, 174, 926,
675, 61, 731, 905, 6, 706, 977, 378, 846, 895,
770, 521, 804, 753, 893, 62, 930, 774, 407, 20,
97, 450, 108, 963, 41, 491, 879, 666, 852, 673,
470, 252, 741, 187, 642, 323, 805, 30, 357, 923,
311, 271, 973, 936, 989, 786, 96, 898, 625, 908,
216, 128, 440, 830, 561, 483, 76, 363, 808, 485,
930, 180, 103, 809, 412, 377, 22, 108, 783, 516,
788, 404, 311, 777, 343, 24, 641, 40, 144, 297,
953, 198, 10, 0, 870, 896, 52, 616, 19, 193,
749, 996, 47, 367, 136, 508, 143, 921, 968, 92,
866, 643, 326, 542, 182, 598, 56, 58, 977, 217,
812, 978, 554, 452, 166, 163, 385, 303, 646, 433,
237, 71, 470, 785, 181, 193, 434, 805, 992, 73,
136, 36, 664, 477, 202, 296, 324, 653, 778, 932,
734, 374, 893, 670, 901, 144, 851, 145, 739, 293,
511, 622, 465, 747, 298, 596, 290, 579, 572, 469,
382, 594, 437, 163, 0, 432, 57, 11, 273, 368,
195, 240, 558, 223, 979, 643, 64, 321, 954, 98,
363, 760, 454, 111, 737, 782, 817, 99, 16, 493,
999, 811, 497, 980, 808, 89, 450, 581, 170, 805,
862, 133, 787, 502, 851, 60, 605, 19, 948, 694,
459, 103, 137, 649, 691, 445, 452, 704, 637, 664,
213, 790, 338, 455, 193, 231, 440, 894, 501, 348,
926, 576, 521, 845, 59, 396, 923, 533, 716, 694,
754, 248, 301, 703, 461, 864, 383, 175, 306, 776,
619, 586, 187, 216, 318, 337, 86, 315, 86, 283,
859, 277, 188, 68, 748, 904, 2, 836, 72, 945,
895, 874, 816, 7, 745, 835, 111, 356, 26, 934,
899, 0, 958, 322, 993, 865, 611, 706, 696, 239,
986, 960, 211, 495, 157, 799, 173, 678, 706, 357,
345, 953, 831, 313, 304, 659, 310, 898, 151, 199,
59, 665, 591, 878, 795, 255, 598, 186, 760, 817,
71, 444, 171, 19, 693, 788, 441, 835, 726, 807,
208, 192, 934, 565, 923, 75, 681, 931, 541, 452,
325, 887, 259, 320, 646, 419, 605, 1, 724, 515,
950, 775, 627, 410, 465, 718, 426, 58, 591, 855,
166, 898, 342, 36, 783, 445, 444, 534, 546, 521,
237, 985, 57, 197, 881, 235, 857, 831, 114, 801,
538, 308, 540, 994, 612, 817, 413, 776, 440, 562,
727, 12, 620, 297, 732, 977, 284, 305, 306, 380,
565, 395, 991, 450, 59, 865, 518, 987, 614, 129,
74, 590, 656, 373, 531, 900, 338, 384, 655, 841,
752, 907, 683, 73, 282, 618, 26, 31, 45, 816,
596, 76, 465, 722, 186, 422, 419, 674, 938, 463,
446, 531, 495, 232, 910, 637, 794, 533, 254, 801,
14, 490, 130, 359, 928, 350, 943, 213, 358, 911,
890, 932, 507, 399, 342, 710, 160, 174, 978, 298,
548, 863, 642, 219, 174, 519, 348, 149, 146, 172,
102, 490, 179, 690, 487, 764, 577, 164, 691, 404,
427, 256, 323, 27, 174, 972, 124, 534, 110, 208,
558, 295, 932, 468, 392, 186, 705, 940, 466, 845,
275, 945, 692, 380, 790, 409, 485, 92, 612, 217,
750, 14, 951, 635, 832, 62, 838, 891, 35, 340,
958, 886, 897, 810, 11, 333, 650, 856, 400, 910,
513, 477, 740, 524, 734, 367, 813, 472, 238, 197,
729, 688, 640, 602, 138, 775, 889, 652, 450, 636,
971, 310, 416, 32, 713, 875, 417, 826, 806, 925,
667, 5, 879, 453, 813, 894, 470, 619, 939, 166,
72, 519, 193, 134, 17, 769, 990, 636, 647, 231,
531, 464, 52, 597, 683, 164, 712, 642, 886, 628,
478, 824, 97, 730, 245, 300, 872, 581, 507, 39,
182, 475, 765, 924, 980, 357, 833, 779, 64, 802,
704, 653, 80, 406, 838, 89, 288, 964, 508, 615,
328, 194, 953, 723, 378, 284, 436, 899, 930, 660,
516, 268, 815, 544, 843, 323, 937, 236, 873, 704,
643, 554, 181, 823, 666, 111, 650, 410, 15, 272,
239, 417, 66, 828, 46, 60, 455, 564, 258, 250,
950, 280, 771, 682, 829, 444, 980, 51, 320, 963,
519, 815, 28, 867, 575, 837, 337, 465, 942, 223,
135, 158, 416, 793, 522, 611, 943, 476, 528, 88,
273, 473, 993, 371, 375, 161, 81, 175, 367, 261,
27, 43, 756, 890, 854, 645, 436, 607, 708, 438,
235, 858, 480, 320, 607, 375, 64, 934, 427, 114,
588, 378, 415, 808, 302, 708, 264, 89, 378, 434,
876, 529, 592, 987, 633, 207, 239, 185, 694, 165,
108, 846, 114, 217, 139, 149, 292, 379, 165, 733,
810, 392, 652, 577, 910, 846, 987, 76, 206, 50,
89, 844, 363, 246, 727, 155, 28, 551, 791, 14,
28, 198, 736, 975, 65, 637, 760, 270, 399, 908,
9, 24, 540, 924, 223, 294, 893, 837, 336, 338,
337, 899, 605, 421, 596, 462, 785, 220, 191, 138,
215, 820, 102, 979, 433, 731, 570, 725, 710, 394,
608, 420, 347, 368, 665, 600, 366, 528, 251, 75,
279, 902, 89, 997, 39, 413, 863, 807, 221, 629,
433, 991, 703, 683, 723, 132, 446, 562, 779, 59,
150, 233, 279, 257, 644, 100, 993, 274, 168, 511,
554, 49, 613, 488, 494, 672, 367, 229, 900, 570,
972, 374, 129, 104, 934, 684, 221, 937, 200, 690,
374, 485, 799, 427, 220, 348, 235, 405, 5, 74,
742, 100, 585, 63, 853, 129, 184, 756, 516, 436,
355, 855, 310, 64, 25, 203, 685, 526, 371, 794,
455, 189, 402, 821, 330, 473, 759, 277, 865, 9,
707, 98, 688, 614, 344, 308, 76, 400, 856, 817,
975, 298, 164, 422, 914, 778, 696, 521, 451, 378,
629, 150, 914, 906, 975, 385, 511, 402, 368, 980,
686, 418, 708, 713, 165, 69, 815, 97, 77, 421,
36, 158, 719, 8, 408, 151, 873, 980, 550, 258,
753, 799, 971, 183, 690, 234, 573, 233, 597, 102,
272, 744, 185, 216, 985, 718, 590, 105, 126, 95,
518, 393, 389, 356, 285, 221, 149, 505, 450, 374,
827, 886, 671, 45, 517, 579, 766, 412, 740, 927,
868, 390, 141, 747, 99, 297, 808, 722, 170, 827,
462, 620, 703, 59, 340, 187, 696, 450, 205, 605,
478, 513, 599, 612, 540, 604, 140, 683, 767, 456,
84, 994, 861, 313, 865, 515, 731, 335, 283, 533,
602, 802, 613, 40, 345, 939, 216, 467, 73, 437,
766, 155, 37, 724, 538, 613, 952, 53, 926, 262,
492, 926, 349, 233, 440, 311, 778, 697, 329, 82,
648, 231, 909, 454, 660, 149, 332, 170, 640, 444,
952, 856, 314, 515, 542, 416, 148, 337, 524, 199,
644, 598, 382, 695, 807, 413, 420, 753, 202, 828,
15, 600, 673, 863, 68, 440, 363, 90, 655, 127,
70, 173, 964, 539, 7, 93, 49, 540, 765, 968,
432, 546, 47, 161, 748, 714, 866, 574, 714, 702,
903, 30, 315, 963, 493, 982, 150, 575, 467, 126,
483, 34, 97, 144, 765, 780, 455, 256, 560, 824,
557, 658, 107, 991, 333, 776, 615, 712, 766, 955,
954, 150, 331, 77, 397, 858, 75, 877, 716, 603,
626, 874, 855, 892, 72, 883, 268, 501, 249, 654,
712, 612, 525, 599, 470, 357, 920, 619, 575, 495,
44, 70, 563, 18, 453, 562, 606, 214, 221, 338,
582, 965, 18, 838, 988, 548, 253, 887, 873, 85,
196, 357, 251, 257, 267, 414, 769, 700, 206, 986,
931, 882, 602, 165, 757, 617, 917, 733, 158, 574,
562, 125, 123, 260, 729, 873, 505, 858, 959, 155,
76, 613, 18, 790, 97, 190, 984, 768, 971, 933,
505, 61, 92, 534, 177, 225, 473, 259, 819, 958,
676, 490, 330, 272, 972, 552, 833, 957, 367, 758,
574, 657, 91, 556, 722, 496, 114, 851, 405, 293,
372, 199, 879, 379, 409, 429, 338, 738, 743, 880,
238, 189, 424, 362, 589, 545, 784, 530, 385, 184,
14, 961, 82, 631, 929, 850, 460, 373, 733, 297,
160, 125, 525, 570, 842, 597, 107, 550, 252, 928,
550, 881, 473, 33, 76, 367, 467, 682, 472, 113,
585, 771, 989, 26, 835, 286, 620, 591, 368, 435,
330, 591, 179, 136, 702, 511, 121, 723, 281, 729,
382, 755, 207, 821, 497, 451, 709, 456, 461, 921,
508, 613, 921, 54, 709, 58, 945, 102, 220, 36,
566, 355, 922, 645, 989, 701, 38, 717, 124, 885,
740, 342, 562, 682, 281, 421, 503, 987, 510, 966,
129, 774, 851, 39, 792, 953, 69, 168, 197, 527,
43, 672, 87, 853, 933, 148, 181, 165, 622, 508,
779, 635, 628, 542, 223, 910, 597, 400, 435, 609,
373, 704, 864, 955, 21, 861, 816, 812, 766, 852,
901, 977, 190, 148, 481, 305, 658, 563, 485, 376,
333, 436, 158, 36, 264, 561, 93, 607, 3, 566,
917, 869, 298, 94, 426, 446, 27, 642, 592, 558,
975, 78, 738, 443, 792, 734, 213, 743, 570, 738,
156, 454, 844, 446, 853, 882, 377, 709, 35, 749,
674, 727, 22, 438, 694, 336, 872, 433, 437, 475,
169, 472, 977, 663, 685, 814, 998, 472, 964, 478,
548, 761, 818, 951, 851, 177, 136, 243, 334, 308,
675, 976, 970, 852, 804, 110, 377, 943, 624, 906,
538, 314, 273, 490, 228, 502, 620, 18, 987, 26,
164, 15, 577, 33, 927, 690, 305, 430, 727, 616,
144, 989, 308, 735, 116, 68, 768, 563, 802, 202,
940, 290, 715, 574, 921, 364, 287, 731, 185, 487,
421, 754, 158, 442, 48, 265, 771, 537, 414, 235,
331, 80, 990, 233, 758, 907, 288, 199, 635, 294,
66, 17, 370, 280, 535, 599, 505, 38, 426, 103,
386, 621, 524, 946, 275, 967, 67, 18, 470, 250,
947, 483, 634, 837, 393, 758, 450, 181, 989, 766,
340, 455, 440, 533, 604, 310, 431, 126, 170, 503,
255, 145, 601, 323, 313, 50, 58, 918, 303, 322,
745, 166, 696, 291, 469, 741, 352, 134, 174, 906,
444, 912, 34, 317, 69, 740, 625, 314, 555, 122,
274, 640, 555, 161, 733, 467, 292, 744, 498, 742,
606, 828, 146, 53, 172, 709, 189, 697, 204, 241,
251, 13, 205, 781, 551, 505, 272, 177, 553, 197,
82, 715, 626, 217, 521, 839, 54, 195, 220, 566,
573, 8, 232, 725, 290, 486, 752, 944, 824, 801,
461, 734, 369, 861, 543, 677, 474, 764, 706, 921,
803, 367, 980, 962, 19, 586, 750, 340, 436, 156,
186, 820, 170, 868, 844, 751, 161, 706, 996, 132,
160, 197, 274, 581, 817, 81, 290, 529, 299, 724,
507, 366, 393, 736, 475, 78, 156, 987, 181, 671,
46, 429, 533, 896, 929, 898, 979, 185, 808, 762,
23, 874, 355, 221, 204, 294, 945, 274, 303, 265,
41, 65, 914, 215, 402, 184, 348, 743, 492, 779,
228, 385, 190, 136, 326, 188, 474, 258, 580, 387,
109, 900, 513, 624, 627, 488, 682, 234, 939, 312,
462, 203, 630, 197, 576, 949, 278, 862, 874, 30,
933, 676, 411, 345, 699, 899, 492, 247, 805, 459,
0, 262, 82, 408, 99, 609, 871, 807, 853, 536,
581, 267, 366, 361, 745, 38, 12, 895, 533, 123,
578, 242, 366, 276, 124, 727, 542, 543, 144, 18,
978, 671, 231, 257, 502, 240, 973, 442, 895, 570,
428, 112, 257, 18, 712, 682, 979, 702, 455, 157,
48, 127, 87, 75, 591, 532, 236, 715, 981, 164,
490, 675, 193, 412, 904, 900, 512, 922, 118, 133,
27, 289, 64, 722, 646, 111, 683, 271, 674, 115,
704, 151, 229, 698, 207, 154, 392, 516, 190, 110,
649, 594, 225, 788, 634, 787, 828, 263, 626, 416,
775, 689, 275, 596, 57, 439, 796, 896, 256, 694,
623, 94, 272, 838, 621, 700, 842, 797, 305, 651,
599, 719, 10, 633, 70, 389, 469, 556, 914, 195,
651, 720, 439, 743, 399, 474, 110, 575, 818, 926,
895, 913, 66, 342, 310, 257, 832, 732, 618, 487,
10, 19, 258, 199, 825, 120, 536, 669, 547, 366,
19, 624, 763, 35, 399, 622, 303, 797, 568, 824,
426, 257, 623, 352, 227, 149, 75, 992, 71, 132,
484, 397, 171, 514, 829, 212, 756, 96, 856, 980,
162, 915, 638, 556, 666, 64, 966, 118, 411, 555,
646, 124, 931, 216, 952, 825, 779, 921, 767, 404,
376, 738, 115, 401, 204, 689, 848, 272, 765, 105,
357, 906, 363, 553, 372, 9, 200, 17, 477, 879,
827, 93, 505, 258, 709, 565, 724, 382, 840, 955,
457, 700, 853, 359, 972, 994, 669, 216, 564, 667,
874, 195, 856, 656, 647, 289, 532, 846, 805, 604,
524, 322, 639, 874, 176, 555, 200, 102, 496, 695,
516, 899, 626, 96, 204, 74, 82, 672, 646, 118,
329, 227, 477, 150, 193, 901, 956, 411, 535, 172,
217, 738, 258, 718, 616, 484, 100, 885, 748, 364,
623, 666, 125, 521, 929, 425, 503, 933, 419, 556,
896, 5, 134, 634, 564, 489, 231, 241, 684, 398,
205, 473, 772, 603, 552, 803, 508, 393, 356, 434,
226, 623, 478, 825, 669, 476, 127, 526, 117, 486,
55, 229, 625, 675, 916, 575, 425, 238, 90, 437,
742, 316, 541, 247, 870, 119, 605, 10, 516, 122,
433, 698, 336, 119, 232, 932, 131, 238, 387, 319,
246, 790, 783, 667, 27, 745, 714, 355, 715, 387,
220, 175, 417, 347, 416, 534, 816, 709, 874, 394,
57, 151, 459, 948, 919, 363, 539, 137, 943, 933,
54, 733, 457, 101, 187, 79, 276, 183, 745, 749,
386, 201, 18, 378, 287, 796, 573, 989, 904, 767,
302, 243, 529, 8, 969, 536, 112, 373, 847, 522,
520, 578, 344, 310, 384, 947, 642, 296, 694, 148,
864, 149, 294, 912, 215, 819, 607, 87, 469, 740,
103, 187, 394, 238, 246, 877, 140, 126, 881, 363,
629, 398, 960, 237, 880, 373, 490, 128, 781, 150,
119, 314, 568, 492, 55, 255, 793, 508, 81, 532,
895, 763, 910, 138, 678, 290, 39, 525, 555, 159,
332, 590, 149, 702, 574, 165, 927, 783, 607, 875,
491, 562, 841, 311, 993, 256, 421, 471, 760, 844,
629, 490, 356, 115, 187, 452, 937, 703, 884, 377,
671, 154, 95, 509, 390, 65, 426, 436, 388, 718,
863, 461, 221, 451, 827, 356, 218, 468, 208, 537,
381, 460, 155, 515, 692, 858, 864, 304, 516, 942,
276, 441, 119, 943, 404, 82, 665, 815, 492, 776,
112, 201, 987, 358, 674, 665, 797, 17, 428, 229,
832, 627, 480, 611, 11, 741, 686, 139, 468, 768,
710, 934, 393, 381, 940, 367, 858, 771, 541, 440,
733, 730, 818, 728, 537, 310, 43, 677, 919, 982,
214, 189, 541, 725, 600, 249, 997, 425, 994, 643,
359, 722, 912, 767, 858, 909, 278, 112, 352, 778,
843, 357, 787, 498, 331, 412, 442, 565, 616, 189,
41, 59, 345, 307, 648, 785, 613, 790, 130, 942,
682, 140, 960, 783, 1, 761, 815, 928, 220, 181,
384, 805, 187, 677, 815, 400, 187, 908, 926, 570,
168, 68, 531, 711, 924, 319, 831, 957, 649, 43,
640, 22, 219, 637, 601, 999, 650, 325, 552, 928,
495, 811, 49, 524, 212, 672, 889, 339, 561, 417,
814, 47, 964, 871, 669, 219, 768, 810, 603, 203,
90, 743, 744, 47, 952, 295, 369, 994, 18, 866,
109, 747, 934, 628, 507, 113, 815, 79, 66, 644,
733, 681, 760, 218, 595, 320, 719, 751, 333, 139,
773, 449, 112, 322, 571, 987, 398, 977, 952, 823,
826, 953, 207, 882, 314, 263, 286, 482, 683, 257,
848, 691, 696, 294, 22, 507, 910, 62, 393, 827,
178, 210, 51, 591, 148, 909, 999, 928, 952, 931,
174, 584, 50, 80, 316, 412, 818, 429, 442, 817,
528, 566, 189, 280, 10, 856, 686, 612, 12, 441,
620, 623, 39, 776, 679, 31, 189, 255, 590, 78,
180, 413, 155, 35, 457, 673, 589, 539, 735, 612,
935, 500, 320, 991, 559, 27, 482, 45, 906, 964,
30, 962, 774, 130, 829, 596, 496, 440, 948, 112,
886, 767, 59, 992, 80, 281, 304, 84, 395, 349,
528, 615, 21, 420, 817, 443, 808, 972, 721, 87,
201, 498, 419, 592, 752, 997, 564, 278, 941, 689,
465, 857, 649, 210, 900, 315, 267, 857, 406, 591,
548, 283, 70, 315, 789, 736, 803, 66, 71, 738,
47, 749, 155, 119, 588, 691, 59, 224, 436, 671,
288, 923, 499, 561, 318, 438, 959, 807, 101, 269,
836, 172, 618, 669, 873, 370, 693, 578, 551, 397,
396, 70, 419, 648, 183, 3, 505, 316, 21, 931,
507, 773, 872, 22, 371, 760, 317, 140, 670, 970,
31, 595, 921, 731, 83, 651, 552, 515, 486, 40,
660, 131, 814, 64, 669, 407, 303, 526, 393, 450,
344, 590, 20, 291, 165, 602, 424, 846, 286, 124,
798, 318, 639, 812, 318, 562, 945, 29, 204, 262,
289, 259, 452, 196, 807, 704, 806, 962, 130, 336,
269, 773, 715, 328, 621, 542, 167, 14, 259, 980,
312, 549, 58, 747, 806, 704, 635, 195, 578, 490,
260, 436, 284, 339, 804, 144, 70, 862, 478, 97,
576, 584, 404, 590, 805, 91, 294, 392, 246, 348,
500, 409, 701, 697, 32, 623, 245, 791, 575, 318,
416, 307, 561, 708, 257, 120, 622, 528, 283, 993,
972, 837, 921, 391, 631, 972, 968, 245, 505, 248,
602, 498, 330, 150, 437, 198, 480, 396, 35, 561,
562, 777, 34, 104, 890, 222, 823, 946, 66, 755,
270, 906, 217, 821, 278, 381, 502, 847, 307, 207,
51, 831, 267, 489, 885, 842, 790, 341, 267, 362,
319, 237, 46, 350, 224, 161, 368, 507, 197, 664,
320, 698, 144, 65, 84, 930, 821, 146, 128, 839,
838, 585, 910, 171, 106, 688, 630, 821, 409, 998,
201, 823, 843, 84, 32, 44, 530, 110, 291, 98,
893, 323, 591, 156, 695, 54, 782, 659, 95, 318,
877, 37, 561, 802, 466, 78, 581, 665, 821, 351,
462, 929, 729, 165, 414, 799, 787, 260, 176, 934,
594, 611, 558, 11, 879, 625, 164, 273, 463, 280,
708, 728, 910, 152, 692, 172, 207, 440, 989, 722,
665, 857, 29, 246, 404, 779, 440, 115, 597, 557,
602, 507, 158, 206, 368, 784, 673, 225, 7, 545,
918, 609, 101, 713, 643, 897, 663, 357, 332, 687,
691, 669, 699, 994, 711, 412, 257, 442, 161, 739,
6, 191, 464, 819, 198, 820, 403, 666, 789, 845,
665, 48, 811, 543, 312, 345, 515, 839, 818, 142,
145, 333, 413, 280, 715, 42, 18, 548, 121, 401,
417, 878, 351, 882, 866, 215, 339, 4, 39, 488,
994, 460, 24, 772, 752, 521, 983, 968, 991, 10,
557, 967, 359, 898, 717, 140, 295, 978, 448, 126,
76, 520, 112, 707, 224, 743, 129, 158, 148, 319,
484, 283, 153, 46, 654, 670, 218, 527, 48, 894,
326, 138, 889, 319, 326, 748, 457, 496, 514, 241,
943, 970, 537, 439, 518, 675, 544, 581, 555, 234,
298, 636, 778, 51, 849, 204, 873, 973, 564, 858,
45, 171, 33, 112, 340, 112, 573, 797, 859, 406,
234, 663, 665, 560, 560, 111, 435, 734, 416, 596,
129, 145, 636, 907, 329, 832, 227, 765, 451, 107,
852, 888, 877, 350, 648, 747, 656, 840, 501, 733,
514, 588, 112, 5, 989, 423, 146, 799, 799, 500,
807, 989, 52, 948, 115, 92, 609, 634, 918, 721,
371, 774, 482, 4, 744, 720, 498, 555, 491, 656,
917, 322, 774, 339, 59, 722, 506, 513, 167, 775,
147, 932, 638, 815, 738, 587, 399, 768, 691, 968,
347, 457, 832, 639, 31, 667, 213, 73, 631, 441,
23, 528, 270, 414, 894, 387, 244, 198, 258, 900,
902, 696, 773, 424, 388, 130, 589, 358, 255, 750,
941, 84, 730, 819, 948, 414, 250, 887, 150, 937,
193, 772, 338, 847, 183, 96, 428, 500, 626, 746,
732, 241, 504, 225, 647, 870, 794, 847, 915, 213,
860, 702, 865, 196, 770, 122, 350, 235, 229, 519,
786, 575, 45, 612, 278, 55, 385, 73, 527, 877,
958, 605, 168, 847, 69, 570, 31, 903, 152, 109,
782, 383, 797, 833, 29, 793, 963, 299, 118, 286,
997, 660, 953, 989, 614, 650, 594, 14, 548, 56,
175, 528, 479, 711, 486, 80, 796, 252, 255, 659,
245, 220, 701, 829, 291, 894, 835, 635, 831, 216,
780, 174, 228, 253, 244, 449, 810, 805, 557, 941,
983, 605, 956, 427, 222, 624, 54, 490, 61, 638,
781, 9, 113, 949, 400, 23, 205, 949, 513, 145,
915, 968, 80, 860, 2, 786, 689, 196, 105, 389,
121, 404, 107, 56, 519, 751, 475, 905, 760, 982,
649, 336, 603, 331, 126, 918, 287, 629, 812, 143,
665, 789, 18, 276, 210, 656, 503, 523, 81, 206,
460, 410, 917, 859, 511, 290, 110, 716, 853, 505,
636, 44, 448, 35, 616, 735, 905, 754, 290, 663,
560, 627, 186, 765, 498, 90, 347, 762, 626, 345,
580, 959, 627, 341, 97, 882, 732, 34, 810, 41,
925, 304, 699, 52, 521, 270, 243, 534, 797, 470,
249, 724, 232, 401, 572, 546, 203, 988, 113, 498,
371, 139, 179, 670, 381, 741, 725, 864, 641, 792,
300, 880, 818, 879, 947, 734, 109, 49, 278, 616,
240, 548, 220, 302, 325, 473, 151, 36, 774, 10,
349, 768, 379, 337, 932, 828, 754, 707, 617, 158,
519, 845, 554, 191, 685, 733, 829, 241, 787, 765,
576, 300, 162, 91, 243, 771, 438, 700, 619, 410,
875, 123, 344, 363, 2, 988, 32, 121, 108, 190,
37, 628, 822, 856, 685, 135, 933, 299, 474, 6,
844, 48, 593, 644, 284, 436, 38, 860, 580, 481,
968, 350, 657, 223, 368, 964, 159, 611, 200, 509,
752, 606, 930, 98, 877, 961, 102, 376, 763, 167,
760, 885, 903, 149, 385, 742, 814, 77, 77, 880,
934, 993, 790, 502, 369, 134, 143, 835, 483, 110,
523, 920, 561, 531, 222, 440, 420, 145, 580, 81,
167, 627, 17, 854, 301, 553, 304, 659, 519, 440,
513, 569, 557, 259, 509, 555, 210, 608, 835, 128,
477, 398, 920, 785, 661, 6, 826, 949, 364, 703,
190, 388, 88, 895, 19, 241, 246, 598, 71, 659,
655, 645, 712, 245, 144, 79, 149, 861, 173, 558,
366, 578, 518, 698, 913, 42, 508, 694, 335, 970,
957, 707, 142, 935, 566, 881, 528, 957, 49, 931,
236, 582, 808, 434, 259, 581, 568, 565, 798, 812,
809, 360, 799, 346, 925, 546, 317, 593, 743, 723,
555, 39, 158, 542, 939, 99, 898, 659, 751, 107,
503, 208, 184, 700, 280, 321, 187, 673, 573, 374,
913, 71, 159, 316, 717, 177, 659, 23, 316, 847,
102, 686, 280, 276, 32, 903, 685, 296, 868, 228,
344, 75, 503, 702, 900, 788, 167, 906, 742, 665,
78, 241, 244, 735, 55, 124, 154, 165, 552, 287,
925, 716, 808, 30, 212, 385, 819, 566, 316, 606,
820, 285, 946, 205, 818, 924, 894, 359, 590, 555,
926, 125, 876, 446, 144, 173, 816, 943, 589, 294,
611, 277, 994, 847, 646, 667, 809, 493, 630, 547,
136, 148, 888, 917, 647, 889, 159, 234, 584, 965,
460, 494, 882, 204, 934, 814, 334, 487, 90, 862,
718, 670, 484, 470, 202, 858, 351, 974, 974, 314,
521, 711, 209, 12, 163, 444, 750, 407, 879, 537,
216, 54, 179, 178, 506, 943, 325, 480, 829, 517,
479, 896, 453, 747, 693, 196, 830, 635, 524, 950,
594, 446, 885, 1, 271, 324, 59, 346, 775, 390,
970, 48, 568, 186, 936, 456, 141, 966, 832, 892,
476, 377, 444, 221, 386, 871, 699, 326, 220, 803,
948, 291, 471, 74, 826, 602, 354, 645, 16, 264,
922, 895, 63, 527, 550, 816, 717, 103, 349, 553,
576, 275, 261, 145, 404, 941, 397, 736, 609, 508,
317, 954, 272, 157, 156, 38, 783, 312, 554, 807,
732, 533, 912, 26, 966, 47, 908, 673, 994, 127,
137, 336, 853, 468, 463, 870, 333, 393, 975, 391,
861, 703, 897, 719, 328, 333, 881, 761, 141, 941,
103, 145, 692, 418, 607, 775, 593, 455, 217, 757,
262, 929, 265, 298, 134, 783, 193, 408, 695, 768,
894, 539, 143, 950, 337, 932, 43, 834, 630, 325,
924, 377, 762, 965, 107, 109, 392, 789, 797, 447,
349, 268, 346, 67, 637, 313, 995, 148, 397, 279,
515, 259, 379, 470, 480, 834, 75, 695, 66, 69,
67, 624, 563, 51, 193, 305, 46, 728, 564, 766,
309, 263, 80, 678, 22, 568, 677, 371, 654, 268,
154, 811, 73, 680, 335, 358, 536, 481, 152, 313,
372, 141, 73, 211, 826, 475, 822, 246, 768, 91,
169, 592, 263, 920, 482, 658, 393, 613, 490, 49,
36, 926, 840, 299, 440, 313, 648, 500, 150, 333,
441, 362, 658, 82, 742, 758, 962, 169, 975, 300,
855, 172, 169, 204, 435, 281, 459, 690, 51, 84,
162, 346, 176, 451, 895, 9, 409, 598, 424, 8,
571, 374, 877, 690, 179, 620, 619, 520, 91, 733,
46, 251, 147, 877, 42, 962, 778, 219, 283, 452,
614, 788, 462, 312, 744, 946, 896, 475, 867, 901,
445, 954, 918, 898, 531, 808, 680, 108, 232, 643,
204, 848, 722, 386, 509, 574, 950, 809, 348, 453,
754, 361, 23, 925, 911, 417, 820, 363, 481, 738,
191, 288, 17, 689, 720, 283, 773, 806, 464, 665,
558, 389, 702, 202, 826, 962, 829, 253, 499, 579,
376, 479, 576, 336, 409, 696, 171, 718, 661, 430,
355, 37, 12, 518, 586, 223, 912, 912, 570, 202,
93, 499, 19, 143, 928, 329, 16, 739, 18, 372,
283, 918, 735, 337, 750, 803, 761, 156, 196, 927,
627, 956, 358, 118, 755, 976, 354, 914, 535, 250,
722, 789, 148, 51, 25, 873, 795, 775, 11, 981,
13, 82, 573, 435, 472, 684, 874, 152, 258, 593,
848, 572, 21, 756, 627, 763, 636, 509, 200, 779,
109, 840, 860, 95, 7, 688, 430, 970, 694, 931,
363, 920, 541, 928, 161, 250, 740, 415, 614, 49,
938, 224, 977, 69, 252, 262, 128, 189, 358, 429,
524, 418, 721, 466, 218, 383, 534, 706, 308, 644,
354, 734, 992, 524, 51, 149, 751, 443, 98, 738,
0, 124, 561, 888, 877, 721, 903, 915, 199, 884,
186, 137, 870, 782, 172, 528, 859, 655, 384, 562,
178, 757, 447, 127, 114, 800, 318, 913, 495, 909,
51, 710, 362, 745, 144, 657, 62, 417, 199, 234,
470, 304, 103, 567, 534, 481, 597, 203, 912, 181,
238, 639, 312, 758, 748, 206, 313, 957, 607, 85,
65, 898, 439, 162, 162, 554, 31, 531, 491, 933,
3, 283, 479, 176, 190, 746, 492, 705, 845, 210,
103, 434, 800, 553, 125, 983, 210, 771, 5, 939,
742, 687, 45, 80, 277, 470, 162, 157, 285, 439,
108, 165, 124, 671, 753, 734, 478, 695, 704, 535,
99, 118, 761, 926, 565, 544, 787, 120, 960, 471,
438, 730, 802, 905, 3, 944, 757, 323, 489, 668,
299, 701, 73, 361, 938, 85, 723, 872, 328, 832,
346, 171, 256, 502, 46, 368, 517, 549, 449, 745,
463, 33, 925, 745, 356, 923, 955, 633, 176, 719,
567, 933, 952, 99, 458, 656, 300, 989, 655, 831,
587, 500, 43, 165, 315, 18, 183, 746, 665, 663,
175, 17, 358, 961, 376, 442, 299, 780, 366, 109,
238, 973, 419, 305, 149, 115, 855, 772, 402, 695,
108, 283, 896, 739, 865, 188, 686, 866, 762, 778,
577, 983, 14, 521, 462, 536, 73, 11, 784, 212,
450, 522, 55, 938, 207, 103, 818, 852, 536, 83,
614, 524, 10, 636, 151, 750, 637, 33, 414, 559,
672, 385, 76, 692, 228, 889, 695, 421, 590, 845,
450, 187, 104, 306, 145, 16, 82, 921, 910, 646,
221, 550, 709, 107, 121, 569, 807, 964, 96, 380,
493, 152, 938, 295, 475, 206, 762, 177, 152, 984,
337, 376, 266, 530, 441, 83, 671, 686, 868, 549,
937, 994, 383, 20, 106, 925, 33, 267, 41, 901,
728, 725, 483, 781, 111, 436, 181, 637, 848, 25,
569, 746, 88, 772, 456, 528, 555, 61, 431, 205,
686, 588, 364, 319, 172, 695, 859, 465, 170, 346,
356, 850, 703, 220, 423, 358, 878, 7, 323, 722,
327, 192, 91, 466, 453, 400, 731, 933, 456, 802,
865, 907, 486, 302, 751, 974, 189, 661, 664, 527,
557, 462, 513, 490, 172, 137, 226, 108, 993, 410,
285, 660, 557, 327, 734, 984, 335, 437, 131, 354,
903, 753, 591, 675, 821, 763, 377, 5, 555, 359,
162, 223, 280, 7, 991, 429, 734, 99, 908, 567,
39, 83, 546, 579, 115, 430, 457, 685, 773, 492,
418, 629, 104, 249, 862, 930, 75, 10, 83, 854,
532, 581, 329, 746, 28, 876, 135, 436, 439, 619,
428, 581, 200, 667, 539, 536, 26, 853, 325, 264,
105, 210, 677, 761, 714, 443, 809, 178, 233, 53,
197, 193, 370, 543, 84, 295, 90, 167, 241, 510,
86, 25, 154, 776, 492, 73, 255, 282, 761, 604,
810, 729, 34, 674, 487, 443, 143, 143, 501, 698,
805, 170, 606, 316, 67, 509, 220, 382, 48, 246,
164, 43, 155, 837, 327, 855, 994, 183, 478, 193,
775, 274, 791, 864, 96, 539, 446, 533, 710, 509,
885, 850, 977, 146, 454, 753, 769, 398, 704, 368,
856, 986, 17, 355, 574, 855, 827, 67, 157, 147,
946, 646, 974, 345, 324, 302, 123, 124, 946, 350,
487, 588, 543, 539, 459, 965, 142, 191, 371, 483,
377, 388, 296, 227, 703, 463, 255, 838, 709, 739,
490, 87, 489, 407, 709, 647, 34, 450, 83, 790,
868, 839, 458, 13, 467, 212, 565, 882, 630, 711,
217, 924, 254, 354, 986, 544, 615, 310, 94, 595,
902, 439, 106, 625, 427, 175, 316, 365, 793, 29,
8, 633, 420, 407, 127, 305, 58, 629, 438, 891,
365, 392, 867, 233, 456, 795, 372, 787, 472, 769,
899, 590, 277, 119, 181, 354, 105, 339, 347, 107,
40, 534, 995, 949, 529, 158, 911, 333, 588, 630,
589, 718, 356, 938, 329, 274, 47, 246, 736, 538,
483, 638, 462, 871, 43, 972, 27, 673, 659, 453,
266, 296, 160, 77, 42, 842, 683, 588, 440, 860,
272, 64, 292, 596, 98, 749, 363, 566, 962, 555,
725, 350, 111, 648, 24, 374, 120, 805, 485, 880,
248, 764, 825, 478, 409, 778, 910, 847, 628, 890,
867, 997, 431, 627, 490, 493, 648, 922, 641, 447,
545, 883, 515, 279, 149, 684, 575, 154, 995, 666,
993, 77, 520, 681, 688, 83, 217, 70, 728, 541,
130, 951, 720, 975, 792, 789, 423, 345, 782, 712,
51, 675, 550, 700, 186, 884, 341, 100, 20, 389,
404, 452, 361, 873, 453, 74, 199, 664, 891, 696,
222, 700, 749, 819, 48, 915, 260, 336, 395, 895,
371, 304, 465, 595, 598, 25, 346, 695, 526, 175,
480, 837, 653, 602, 459, 540, 972, 978, 758, 357,
909, 944, 186, 140, 534, 471, 577, 521, 611, 363,
846, 320, 471, 577, 971, 670, 492, 183, 971, 278,
265, 581, 825, 683, 219, 868, 225, 694, 336, 582,
373, 953, 624, 183, 242, 645, 92, 578, 21, 617,
260, 510, 280, 533, 3, 571, 106, 718, 902, 816,
101, 634, 677, 223, 609, 926, 993, 779, 961, 614,
591, 544, 573, 598, 27, 556, 384, 198, 520, 972,
771, 683, 567, 730, 265, 251, 607, 790, 84, 977,
444, 571, 144, 803, 371, 396, 831, 456, 500, 710,
805, 853, 737, 679, 100, 554, 55, 519, 899, 361,
474, 414, 738, 14, 461, 286, 970, 861, 714, 363,
642, 968, 303, 944, 573, 25, 514, 324, 242, 279,
679, 45, 724, 468, 103, 499, 612, 670, 515, 840,
443, 356, 865, 895, 212, 564, 118, 219, 161, 554,
245, 649, 429, 171, 911, 512, 690, 579, 531, 695,
508, 524, 336, 17, 750, 481, 505, 909, 283, 218,
88, 600, 736, 216, 862, 263, 768, 867, 281, 415,
439, 953, 448, 168, 843, 346, 267, 322, 632, 946,
334, 590, 44, 903, 687, 864, 283, 652, 86, 44,
971, 285, 165, 422, 865, 404, 192, 830, 894, 116,
639, 540, 237, 491, 825, 369, 198, 445, 548, 574,
904, 110, 698, 552, 714, 552, 893, 445, 787, 15,
711, 664, 210, 617, 707, 475, 448, 194, 840, 605,
62, 854, 519, 802, 817, 32, 139, 627, 557, 3,
105, 941, 72, 559, 816, 750, 62, 423, 682, 621,
94, 336, 35, 762, 826, 76, 154, 238, 236, 520,
278, 987, 192, 211, 354, 255, 509, 712, 172, 246,
432, 909, 395, 942, 770, 285, 743, 119, 920, 355,
493, 802, 564, 121, 739, 488, 554, 575, 281, 503,
814, 127, 73, 841, 188, 969, 56, 197, 775, 403,
733, 226, 550, 939, 49, 641, 765, 712, 256, 683,
728, 309, 407, 243, 461, 840, 526, 157, 810, 986,
41, 374, 60, 959, 513, 190, 634, 33, 104, 540,
145, 480, 189, 496, 89, 989, 340, 183, 120, 839,
154, 698, 214, 366, 608, 744, 577, 5, 893, 542,
298, 997, 25, 500, 759, 0, 679, 754, 866, 659,
691, 970, 210, 56, 397, 607, 440, 539, 180, 951,
733, 99, 566, 581, 554, 723, 990, 882, 840, 330,
56, 813, 866, 416, 2, 72, 455, 666, 675, 645,
364, 455, 880, 489, 162, 211, 468, 880, 211, 492,
888, 945, 635, 428, 803, 211, 373, 167, 788, 312,
707, 798, 790, 601, 114, 170, 843, 595, 829, 412,
860, 208, 896, 917, 376, 408, 560, 297, 843, 26,
458, 338, 192, 710, 386, 266, 43, 93, 741, 369,
944, 235, 536, 360, 664, 931, 90, 308, 597, 883,
391, 895, 619, 178, 375, 660, 522, 816, 494, 170,
449, 149, 221, 915, 462, 332, 682, 789, 411, 961,
947, 656, 739, 929, 217, 241, 501, 57, 290, 766,
951, 298, 487, 579, 664, 987, 231, 653, 839, 112,
187, 117, 471, 585, 989, 952, 703, 678, 747, 676,
365, 945, 800, 173, 396, 684, 4, 865, 614, 630,
426, 64, 3, 280, 755, 592, 657, 996, 810, 752,
254, 544, 159, 236, 421, 63, 464, 296, 566, 225,
173, 809, 81, 637, 714, 184, 11, 868, 219, 696,
642, 223, 963, 842, 486, 43, 741, 102, 57, 492,
206, 165, 32, 368, 299, 821, 530, 542, 31, 149,
641, 231, 920, 874, 62, 251, 163, 73, 858, 927,
780, 397, 482, 110, 507, 627, 778, 117, 515, 12,
878, 691, 429, 220, 917, 153, 325, 441, 591, 606,
827, 597, 624, 727, 244, 991, 301, 5, 762, 647,
79, 319, 977, 137, 286, 490, 651, 300, 663, 341,
519, 964, 625, 970, 6, 596, 756, 546, 254, 632,
883, 536, 202, 81, 852, 593, 465, 322, 582, 738,
110, 996, 458, 579, 857, 357, 997, 491, 740, 861,
332, 332, 792, 332, 593, 936, 376, 862, 270, 972,
6, 433, 247, 307, 654, 161, 373, 486, 808, 226,
944, 755, 561, 630, 724, 556, 604, 462, 815, 402,
796, 198, 618, 321, 902, 765, 567, 589, 965, 474,
890, 165, 30, 622, 546, 55, 733, 749, 570, 141,
23, 334, 451, 287, 842, 414, 477, 873, 2, 831,
733, 974, 525, 15, 993, 780, 321, 342, 658, 90,
644, 936, 385, 175, 140, 477, 365, 613, 369, 413,
236, 71, 464, 15, 728, 958, 969, 563, 420, 234,
363, 879, 767, 351, 382, 440, 104, 30, 49, 721,
699, 829, 269, 944, 234, 362, 218, 15, 616, 740,
8, 536, 338, 866, 81, 605, 351, 857, 870, 183,
505, 655, 671, 221, 420, 141, 270, 184, 935, 165,
454, 452, 849, 593, 144, 10, 254, 92, 510, 987,
466, 356, 12, 927, 485, 896, 660, 480, 759, 998,
225, 496, 486, 161, 902, 514, 525, 881, 79, 80,
951, 363, 504, 665, 989, 859, 253, 533, 205, 119,
794, 883, 108, 78, 260, 978, 156, 144, 815, 447,
577, 560, 626, 80, 824, 391, 936, 614, 402, 499,
608, 848, 952, 344, 695, 453, 559, 37, 868, 802,
718, 434, 749, 462, 757, 217, 544, 433, 8, 299,
996, 124, 524, 180, 417, 397, 858, 762, 949, 113,
162, 153, 409, 792, 681, 603, 195, 115, 22, 694,
869, 921, 833, 110, 350, 451, 654, 709, 872, 924,
337, 200, 482, 557, 809, 660, 390, 728, 330, 464,
717, 643, 405, 629, 482, 871, 987, 252, 165, 986,
563, 862, 961, 418, 0, 762, 175, 547, 62, 490,
4, 970, 78, 695, 153, 835, 896, 959, 553, 776,
856, 308, 385, 35, 292, 174, 275, 863, 661, 643,
667, 369, 461, 734, 686, 868, 304, 550, 863, 22,
502, 889, 844, 677, 343, 177, 721, 246, 808, 733,
595, 599, 997, 339, 623, 627, 7, 733, 220, 966,
832, 977, 830, 842, 485, 661, 413, 41, 476, 251,
422, 43, 285, 393, 584, 35, 350, 885, 729, 117,
593, 103, 954, 603, 417, 223, 473, 25, 221, 640,
965, 965, 108, 997, 615, 947, 426, 460, 655, 287,
882, 112, 924, 820, 516, 723, 792, 621, 256, 67,
556, 978, 788, 44, 520, 85, 723, 863, 805, 270,
167, 929, 70, 532, 432, 759, 812, 964, 101, 873,
906, 311, 834, 997, 273, 63, 19, 221, 325, 898,
96, 51, 175, 859, 721, 532, 395, 925, 628, 779,
325, 673, 100, 560, 616, 154, 157, 328, 815, 911,
350, 806, 344, 937, 749, 546, 509, 685, 945, 466,
949, 988, 308, 478, 395, 297, 279, 936, 597, 427,
787, 267, 103, 588, 765, 420, 593, 745, 810, 151,
847, 843, 804, 91, 663, 644, 219, 712, 664, 638,
935, 423, 185, 57, 972, 763, 88, 796, 535, 319,
428, 942, 193, 936, 973, 261, 466, 93, 746, 335,
560, 916, 963, 15, 815, 254, 705, 498, 939, 222,
211, 74, 420, 758, 466, 930, 809, 402, 494, 900,
193, 905, 106, 248, 781, 170, 438, 517, 994, 555,
268, 5, 678, 392, 53, 188, 832, 521, 829, 681,
317, 420, 612, 417, 857, 62, 206, 551, 483, 668,
150, 584, 140, 383, 62, 703, 896, 431, 530, 380,
702, 15, 798, 795, 149, 657, 604, 90, 23, 739,
307, 730, 99, 659, 4, 826, 189, 87, 39, 984,
993, 448, 726, 98, 824, 64, 712, 788, 986, 265,
881, 610, 197, 72, 423, 793, 828, 802, 168, 489,
116, 221, 162, 837, 739, 370, 284, 430, 457, 818,
579, 109, 284, 871, 959, 960, 486, 492, 920, 871,
442, 223, 491, 7, 111, 254, 753, 974, 212, 296,
897, 120, 557, 974, 100, 546, 797, 993, 482, 629,
885, 93, 588, 765, 171, 143, 650, 123, 622, 139,
230, 439, 529, 938, 888, 570, 102, 553, 539, 435,
437, 621, 543, 688, 893, 166, 808, 984, 474, 353,
696, 791, 792, 755, 113, 305, 647, 18, 965, 810,
983, 870, 938, 798, 918, 817, 736, 36, 80, 586,
284, 392, 814, 32, 154, 938, 618, 893, 422, 705,
913, 745, 620, 323, 754, 265, 346, 273, 575, 327,
138, 983, 346, 244, 788, 674, 690, 884, 763, 413,
285, 201, 942, 181, 64, 402, 914, 580, 556, 948,
527, 843, 363, 313, 784, 67, 837, 321, 231, 565,
228, 679, 0, 872, 814, 518, 508, 148, 28, 171,
529, 677, 910, 404, 680, 490, 242, 609, 72, 294,
21, 514, 457, 655, 16, 514, 779, 133, 662, 242,
160, 429, 518, 993, 215, 679, 212, 107, 970, 652,
61, 487, 194, 76, 475, 901, 346, 895, 117, 615,
170, 34, 114, 240, 461, 749, 399, 347, 565, 370,
112, 581, 741, 0, 532, 269, 278, 570, 388, 123,
334, 970, 556, 23, 751, 825, 755, 19, 308, 555,
96, 692, 657, 254, 734, 700, 771, 620, 753, 588,
166, 130, 857, 513, 798, 232, 230, 284, 519, 985,
213, 606, 673, 77, 922, 979, 254, 878, 782, 87,
846, 55, 692, 118, 278, 380, 726, 632, 604, 653,
653, 861, 206, 733, 825, 214, 835, 267, 982, 125,
865, 870, 887, 757, 41, 230, 207, 332, 129, 689,
382, 55, 224, 259, 360, 791, 375, 570, 805, 468,
86, 49, 156, 335, 373, 770, 969, 716, 108, 66,
793, 424, 308, 368, 564, 703, 944, 341, 402, 673,
630, 219, 400, 109, 155, 759, 429, 847, 358, 257,
401, 334, 99, 662, 886, 721, 723, 35, 265, 284,
321, 476, 82, 893, 976, 662, 721, 804, 100, 210,
68, 370, 79, 163, 943, 825, 333, 659, 403, 804,
1, 840, 738, 752, 201, 701, 410, 44, 144, 126,
248, 341, 627, 699, 903, 789, 758, 137, 793, 45,
679, 453, 244, 336, 394, 187, 673, 706, 367, 486,
657, 424, 378, 457, 529, 938, 706, 493, 168, 103,
820, 76, 407, 7, 624, 821, 488, 911, 444, 449,
73, 105, 599, 342, 75, 562, 329, 225, 742, 720,
386, 889, 976, 779, 464, 514, 814, 34, 836, 720,
777, 314, 303, 188, 325, 27, 433, 283, 174, 372,
123, 989, 580, 592, 462, 268, 113, 48, 467, 182,
95, 459, 428, 868, 783, 19, 995, 388, 120, 114,
569, 716, 493, 333, 977, 504, 539, 912, 319, 877,
473, 594, 483, 887, 352, 42, 315, 208, 549, 178,
760, 466, 164, 516, 55, 775, 679, 842, 74, 959,
768, 945, 560, 402, 443, 665, 827, 30, 680, 262,
296, 51, 536, 779, 277, 237, 453, 688, 422, 794,
751, 809, 456, 757, 476, 106, 201, 850, 136, 487,
639, 843, 565, 224, 449, 586, 700, 357, 899, 47,
101, 446, 830, 837, 924, 743, 159, 944, 508, 690,
799, 242, 192, 645, 635, 167, 512, 373, 92, 221,
33, 275, 993, 159, 648, 38, 556, 660, 440, 233,
75, 339, 714, 687, 832, 154, 836, 772, 779, 344,
861, 366, 374, 656, 520, 700, 513, 847, 543, 461,
399, 831, 890, 69, 968, 229, 640, 707, 721, 903,
782, 734, 833, 890, 918, 441, 198, 275, 881, 540,
687, 277, 415, 966, 827, 491, 558, 768, 834, 918,
170, 603, 937, 513, 636, 741, 532, 179, 190, 944,
928, 484, 182, 539, 255, 956, 905, 789, 39, 360,
538, 959, 733, 87, 331, 201, 982, 92, 467, 720,
710, 4, 408, 262, 580, 755, 71, 547, 718, 338,
970, 155, 145, 924, 577, 176, 484, 296, 892, 810,
381, 153, 232, 555, 132, 621, 792, 175, 719, 387,
350, 204, 85, 465, 906, 831, 343, 861, 706, 752,
620, 538, 443, 910, 92, 324, 471, 718, 727, 104,
887, 208, 767, 54, 723, 98, 931, 696, 775, 689,
294, 728, 184, 949, 503, 397, 32, 861, 994, 254,
158, 931, 471, 578, 330, 9, 633, 447, 311, 12,
330, 146, 618, 383, 421, 46, 250, 203, 244, 632,
512, 470, 715, 515, 121, 226, 37, 167, 177, 600,
981, 16, 914, 972, 800, 300, 374, 107, 385, 172,
186, 754, 700, 622, 907, 432, 783, 3, 621, 31,
14, 717, 258, 943, 207, 803, 952, 620, 429, 344,
990, 224, 968, 41, 407, 540, 733, 742, 344, 92,
410, 962, 591, 416, 77, 238, 533, 610, 509, 147,
590, 53, 553, 279, 61, 922, 672, 770, 109, 25,
953, 769, 214, 70, 836, 650, 709, 146, 999, 449,
799, 780, 758, 706, 895, 783, 301, 433, 830, 102,
704, 591, 778, 517, 237, 613, 459, 689, 768, 710,
897, 347, 479, 15, 778, 937, 447, 747, 763, 78,
623, 469, 556, 380, 155, 572, 873, 718, 508, 686,
927, 18, 454, 30, 756, 519, 42, 984, 777, 684,
829, 504, 332, 873, 945, 397, 937, 18, 346, 587,
458, 705, 764, 585, 687, 331, 779, 688, 247, 94,
202, 910, 439, 936, 528, 586, 194, 932, 776, 928,
906, 809, 409, 919, 533, 364, 421, 962, 972, 735,
61, 84, 553, 402, 877, 87, 591, 697, 324, 230,
302, 630, 487, 289, 6, 592, 679, 657, 172, 939,
312, 717, 683, 826, 42, 613, 29, 195, 277, 261,
651, 370, 33, 732, 681, 161, 20, 693, 620, 775,
168, 29, 272, 54, 300, 975, 62, 113, 873, 604,
179, 269, 120, 127, 511, 263, 178, 592, 988, 750,
480, 351, 533, 435, 988, 916, 417, 215, 848, 468,
688, 251, 366, 271, 565, 942, 103, 159, 829, 858}