200 -> {
624, 242, 533, 301, 314, 58, 347, 897, 37, 117,
854, 584, 558, 435, 625, 42, 955, 956, 116, 292,
516, 579, 42, 598, 700, 61, 37, 962, 311, 751,
552, 72, 38, 662, 740, 32, 545, 482, 63, 967,
389, 894, 731, 413, 870, 729, 635, 366, 54, 944,
907, 409, 487, 792, 672, 853, 14, 231, 734, 242,
536, 586, 241, 447, 345, 124, 445, 168, 786, 294,
922, 554, 587, 394, 106, 194, 58, 660, 157, 490,
514, 355, 384, 310, 192, 164, 225, 999, 618, 736,
653, 13, 577, 111, 846, 890, 448, 485, 271, 652,
469, 996, 978, 452, 447, 899, 637, 613, 409, 949,
919, 118, 23, 84, 353, 924, 574, 663, 363, 770,
33, 746, 252, 330, 153, 894, 87, 361, 820, 376,
746, 398, 745, 182, 969, 339, 659, 696, 578, 631,
772, 11, 402, 538, 908, 35, 760, 915, 834, 346,
432, 23, 418, 508, 819, 291, 240, 198, 668, 940,
412, 278, 230, 52, 95, 212, 149, 712, 852, 921,
251, 175, 786, 422, 532, 854, 906, 193, 611, 682,
428, 36, 758, 966, 806, 511, 472, 190, 839, 679,
277, 594, 513, 142, 611, 535, 254, 836, 920, 722}
