10000 -> {
52, 259, 443, 867, 35, 172, 94, 872, 368, 153,
247, 354, 399, 315, 446, 340, 936, 828, 564, 832,
619, 966, 904, 6, 377, 970, 176, 589, 437, 218,
459, 705, 996, 760, 853, 374, 936, 481, 322, 92,
819, 852, 822, 555, 882, 343, 957, 385, 423, 500,
670, 234, 724, 608, 517, 527, 469, 885, 90, 362,
829, 112, 148, 49, 715, 277, 417, 817, 815, 953,
914, 28, 144, 481, 203, 174, 368, 201, 385, 309,
538, 656, 471, 743, 2, 850, 362, 649, 726, 21,
180, 229, 908, 952, 422, 435, 588, 105, 977, 259,
831, 766, 462, 953, 24, 871, 84, 10, 345, 618,
811, 831, 849, 622, 943, 552, 462, 860, 895, 731,
566, 858, 894, 501, 90, 538, 2, 751, 68, 836,
643, 93, 72, 79, 750, 779, 73, 685, 899, 888,
998, 232, 435, 544, 701, 559, 334, 181, 806, 254,
924, 774, 180, 709, 186, 50, 559, 423, 567, 831,
389, 429, 264, 430, 554, 732, 913, 825, 62, 653,
350, 960, 670, 668, 809, 984, 213, 691, 627, 405,
901, 632, 144, 649, 72, 788, 742, 238, 356, 301,
311, 376, 862, 910, 960, 943, 526, 549, 905, 52,
764, 638, 109, 561, 401, 302, 604, 790, 890, 611,
8, 257, 536, 42, 604, 173, 59, 304, 220, 447,
216, 389, 384, 733, 344, 134, 283, 791, 323, 570,
868, 363, 269, 800, 890, 892, 160, 655, 381, 546,
938, 973, 931, 328, 433, 980, 936, 266, 268, 602,
82, 621, 107, 816, 988, 187, 2, 325, 824, 231,
50, 748, 995, 231, 976, 131, 67, 104, 74, 229,
284, 941, 951, 35, 124, 699, 239, 926, 964, 23,
835, 624, 456, 193, 854, 228, 209, 133, 548, 771,
913, 703, 433, 321, 901, 71, 62, 991, 826, 909,
735, 746, 345, 839, 297, 347, 749, 473, 834, 41,
328, 180, 281, 380, 512, 618, 512, 187, 23, 137,
238, 592, 844, 974, 666, 674, 556, 476, 549, 36,
549, 45, 896, 908, 948, 511, 886, 599, 5, 315,
187, 235, 787, 882, 597, 709, 921, 913, 529, 235,
760, 640, 177, 741, 418, 69, 101, 176, 742, 141,
8, 58, 661, 502, 468, 101, 365, 566, 944, 310,
59, 376, 265, 333, 222, 913, 391, 282, 786, 814,
818, 598, 99, 489, 708, 768, 938, 35, 248, 409,
436, 403, 12, 146, 785, 64, 827, 156, 987, 860,
774, 528, 584, 601, 428, 680, 633, 697, 48, 373,
20, 384, 450, 251, 375, 940, 560, 826, 446, 713,
853, 943, 198, 542, 755, 986, 283, 540, 742, 657,
23, 48, 457, 972, 988, 958, 269, 530, 908, 64,
262, 853, 735, 408, 425, 618, 741, 659, 931, 364,
716, 430, 284, 488, 940, 709, 204, 99, 321, 225,
980, 867, 873, 498, 616, 892, 647, 902, 235, 357,
519, 257, 44, 890, 547, 997, 207, 571, 5, 179,
639, 196, 29, 307, 139, 46, 462, 465, 639, 838,
964, 745, 397, 36, 753, 451, 955, 367, 745, 218,
238, 384, 825, 386, 175, 20, 575, 984, 117, 965,
94, 447, 508, 203, 633, 256, 412, 527, 915, 9,
885, 153, 852, 441, 81, 859, 767, 323, 490, 845,
897, 409, 655, 978, 540, 739, 521, 843, 909, 761,
242, 570, 522, 813, 976, 866, 48, 676, 791, 61,
108, 414, 77, 62, 57, 219, 817, 480, 602, 633,
14, 606, 224, 76, 717, 797, 262, 478, 257, 327,
907, 975, 527, 442, 455, 501, 493, 496, 530, 527,
890, 759, 665, 463, 663, 948, 691, 239, 780, 27,
371, 78, 398, 995, 350, 3, 424, 408, 176, 704,
336, 504, 898, 298, 379, 779, 878, 680, 51, 4,
302, 27, 487, 413, 98, 45, 636, 258, 833, 453,
75, 77, 770, 761, 291, 954, 635, 301, 632, 827,
122, 859, 788, 471, 713, 963, 902, 766, 199, 390,
720, 136, 93, 877, 821, 799, 807, 688, 299, 274,
300, 68, 269, 420, 847, 659, 188, 260, 711, 874,
894, 822, 523, 327, 191, 458, 922, 922, 592, 35,
410, 542, 654, 163, 904, 880, 293, 909, 775, 863,
500, 875, 412, 316, 90, 65, 306, 924, 825, 521,
641, 579, 225, 841, 461, 364, 665, 226, 595, 918,
410, 738, 391, 993, 244, 797, 932, 554, 230, 415,
108, 147, 399, 5, 225, 454, 194, 468, 666, 579,
322, 946, 762, 368, 34, 316, 830, 401, 176, 440,
542, 720, 707, 404, 605, 470, 731, 742, 884, 211,
888, 973, 796, 291, 701, 744, 299, 530, 166, 302,
641, 56, 40, 573, 682, 912, 424, 895, 951, 510,
934, 290, 537, 656, 299, 79, 405, 110, 666, 838,
735, 420, 219, 455, 952, 920, 189, 932, 929, 79,
517, 453, 221, 197, 418, 276, 209, 212, 427, 138,
960, 636, 763, 338, 629, 4, 163, 493, 263, 689,
377, 757, 660, 309, 104, 182, 271, 833, 192, 313,
148, 198, 455, 259, 591, 479, 440, 989, 887, 219,
771, 358, 880, 899, 493, 206, 601, 375, 970, 588,
539, 390, 272, 3, 340, 725, 814, 688, 107, 471,
581, 927, 724, 238, 349, 38, 750, 25, 939, 786,
68, 982, 809, 81, 625, 58, 270, 120, 743, 863,
320, 62, 641, 805, 536, 144, 959, 613, 853, 958,
394, 145, 772, 182, 929, 576, 30, 792, 356, 129,
985, 34, 767, 37, 660, 285, 689, 514, 86, 903,
541, 893, 206, 986, 168, 167, 432, 116, 205, 100,
886, 961, 957, 112, 29, 14, 539, 611, 954, 504,
879, 959, 501, 933, 41, 175, 532, 392, 689, 842,
939, 907, 524, 608, 851, 487, 306, 812, 768, 920,
965, 179, 736, 111, 972, 500, 393, 32, 297, 0,
42, 373, 216, 92, 948, 50, 682, 516, 866, 580,
129, 259, 143, 155, 956, 945, 871, 607, 357, 555,
897, 154, 169, 793, 923, 274, 271, 844, 679, 602,
453, 727, 908, 49, 847, 743, 336, 787, 682, 134,
29, 167, 632, 84, 321, 201, 301, 863, 347, 65,
746, 549, 18, 252, 943, 215, 896, 64, 734, 553,
319, 462, 757, 727, 563, 395, 372, 538, 752, 71,
840, 658, 317, 995, 408, 582, 178, 428, 294, 347,
750, 869, 248, 122, 571, 476, 688, 437, 798, 11,
432, 210, 754, 946, 162, 496, 708, 955, 279, 274,
293, 270, 158, 283, 187, 583, 319, 657, 657, 820,
945, 636, 248, 171, 529, 241, 613, 924, 540, 10,
933, 394, 486, 808, 503, 688, 428, 92, 745, 793,
407, 321, 670, 977, 138, 919, 790, 434, 814, 620,
86, 729, 692, 531, 473, 107, 603, 514, 207, 290,
602, 510, 302, 173, 440, 210, 630, 686, 978, 752,
233, 885, 181, 527, 603, 454, 21, 270, 206, 502,
229, 424, 265, 804, 16, 320, 914, 797, 375, 726,
497, 336, 252, 771, 527, 524, 190, 921, 512, 774,
814, 583, 893, 191, 217, 612, 124, 262, 551, 297,
443, 954, 252, 124, 147, 523, 597, 850, 58, 273,
101, 301, 172, 189, 600, 414, 3, 607, 216, 389,
68, 615, 598, 407, 443, 120, 179, 935, 346, 793,
208, 520, 670, 638, 459, 257, 387, 735, 154, 690,
785, 88, 389, 766, 231, 40, 263, 554, 743, 262,
421, 933, 762, 937, 803, 72, 693, 62, 619, 496,
156, 40, 439, 714, 286, 922, 777, 462, 257, 585,
377, 735, 904, 704, 503, 594, 754, 915, 289, 629,
461, 313, 759, 746, 906, 836, 101, 987, 451, 90,
745, 472, 522, 593, 501, 911, 84, 86, 255, 252,
574, 351, 920, 138, 686, 802, 522, 664, 294, 437,
301, 799, 28, 800, 604, 963, 821, 8, 899, 280,
684, 29, 580, 911, 189, 341, 314, 937, 15, 394,
293, 851, 697, 610, 480, 538, 796, 815, 719, 729,
553, 62, 125, 785, 13, 675, 453, 593, 906, 909,
647, 174, 520, 845, 269, 268, 980, 541, 606, 637,
263, 791, 715, 818, 66, 771, 721, 904, 824, 85,
646, 180, 246, 310, 551, 795, 910, 178, 849, 51,
106, 667, 991, 78, 783, 796, 612, 408, 263, 280,
537, 118, 636, 739, 625, 657, 130, 377, 274, 692,
596, 710, 511, 354, 858, 837, 412, 364, 913, 694,
298, 394, 676, 706, 84, 263, 225, 48, 761, 602,
951, 709, 538, 42, 175, 615, 318, 513, 416, 499,
581, 149, 792, 696, 178, 923, 263, 828, 508, 516,
374, 589, 350, 85, 184, 282, 814, 954, 295, 987,
451, 459, 35, 350, 315, 561, 79, 780, 675, 402,
300, 579, 744, 779, 322, 573, 326, 502, 804, 601,
143, 533, 571, 216, 214, 229, 974, 251, 341, 934,
833, 980, 307, 834, 51, 786, 770, 852, 940, 272,
928, 515, 631, 120, 908, 879, 260, 780, 756, 580,
673, 773, 589, 485, 946, 840, 682, 106, 471, 302,
256, 244, 141, 74, 610, 384, 312, 201, 544, 651,
351, 117, 733, 685, 872, 994, 721, 1, 373, 741,
388, 820, 375, 561, 389, 4, 939, 243, 434, 331,
410, 953, 728, 716, 685, 71, 454, 477, 976, 842,
317, 413, 759, 321, 26, 384, 31, 137, 263, 489,
590, 327, 566, 527, 189, 779, 56, 675, 844, 123,
270, 233, 303, 789, 590, 205, 624, 914, 55, 352,
982, 327, 968, 923, 612, 574, 470, 259, 124, 85,
421, 941, 534, 396, 146, 644, 475, 77, 606, 409,
191, 159, 109, 11, 975, 299, 712, 55, 279, 603,
287, 425, 343, 567, 115, 452, 983, 11, 475, 294,
552, 670, 285, 752, 989, 483, 712, 756, 370, 165,
791, 376, 131, 247, 224, 274, 329, 730, 934, 172,
665, 746, 836, 450, 853, 843, 412, 297, 407, 751,
175, 954, 954, 860, 213, 800, 435, 108, 359, 855,
857, 125, 635, 765, 281, 962, 7, 501, 45, 697,
834, 713, 958, 239, 816, 424, 383, 33, 484, 545,
348, 900, 755, 807, 819, 687, 766, 293, 513, 7,
144, 572, 928, 331, 593, 26, 720, 866, 970, 349,
884, 186, 26, 401, 798, 658, 385, 382, 581, 778,
923, 773, 662, 473, 287, 60, 641, 15, 312, 161,
326, 597, 939, 483, 656, 529, 162, 167, 384, 502,
745, 114, 613, 940, 559, 906, 986, 796, 896, 602,
944, 158, 824, 653, 670, 238, 962, 98, 766, 308,
882, 889, 371, 44, 736, 502, 656, 62, 574, 451,
442, 326, 851, 499, 616, 606, 521, 228, 713, 659,
284, 700, 975, 246, 325, 40, 619, 875, 326, 177,
82, 95, 318, 456, 374, 429, 646, 714, 624, 802,
797, 399, 220, 778, 626, 80, 53, 130, 200, 392,
940, 936, 71, 469, 259, 16, 224, 887, 686, 584,
577, 960, 252, 270, 658, 163, 921, 353, 671, 618,
32, 757, 535, 323, 977, 282, 60, 611, 861, 823,
924, 910, 713, 68, 431, 109, 690, 509, 362, 865,
206, 478, 500, 287, 556, 795, 447, 37, 828, 558,
161, 580, 665, 999, 995, 558, 662, 175, 498, 713,
591, 829, 452, 853, 82, 173, 661, 691, 942, 830,
315, 207, 979, 419, 231, 335, 746, 460, 733, 892,
69, 310, 821, 144, 850, 200, 355, 464, 157, 311,
171, 957, 36, 820, 586, 550, 719, 125, 409, 928,
999, 682, 163, 168, 197, 952, 561, 992, 190, 891,
68, 336, 86, 783, 243, 727, 764, 864, 829, 659,
733, 691, 897, 245, 603, 141, 860, 352, 758, 706,
443, 475, 691, 368, 185, 725, 285, 69, 868, 17,
801, 79, 435, 234, 943, 675, 370, 689, 590, 559,
66, 548, 894, 68, 378, 193, 708, 662, 547, 636,
265, 686, 650, 93, 92, 26, 703, 949, 522, 283,
182, 579, 35, 311, 627, 706, 166, 592, 36, 725,
824, 989, 753, 566, 305, 176, 207, 754, 847, 856,
654, 801, 463, 815, 40, 717, 889, 855, 235, 634,
188, 16, 888, 717, 658, 245, 404, 431, 213, 360,
191, 476, 42, 387, 548, 398, 789, 897, 792, 824,
293, 795, 927, 504, 41, 991, 971, 692, 11, 655,
342, 129, 188, 678, 186, 880, 984, 368, 262, 578,
467, 18, 604, 221, 597, 583, 377, 527, 866, 397,
429, 938, 165, 616, 612, 729, 310, 165, 924, 698,
1, 593, 552, 276, 657, 587, 235, 691, 636, 232,
433, 874, 473, 590, 467, 881, 920, 547, 602, 455,
753, 222, 70, 273, 359, 821, 462, 411, 582, 897,
35, 894, 411, 599, 360, 243, 123, 121, 477, 647,
551, 221, 421, 536, 238, 780, 324, 247, 219, 773,
621, 174, 57, 202, 714, 412, 316, 444, 965, 815,
26, 35, 255, 777, 873, 272, 536, 149, 811, 263,
542, 652, 208, 855, 929, 571, 930, 276, 70, 592,
783, 127, 338, 773, 850, 83, 554, 812, 323, 419,
577, 460, 808, 875, 426, 786, 332, 973, 582, 443,
104, 517, 111, 481, 399, 950, 702, 780, 646, 214,
723, 988, 443, 767, 859, 524, 364, 360, 830, 104,
676, 980, 257, 123, 723, 625, 506, 466, 507, 964,
739, 61, 82, 602, 520, 623, 460, 386, 684, 683,
408, 178, 953, 218, 343, 991, 790, 26, 528, 441,
438, 561, 752, 958, 471, 139, 792, 781, 808, 304,
431, 38, 751, 498, 521, 920, 225, 901, 40, 947,
323, 895, 938, 736, 481, 706, 172, 158, 13, 672,
430, 718, 394, 863, 470, 248, 185, 565, 897, 215,
300, 661, 215, 355, 97, 506, 358, 86, 34, 84,
866, 178, 338, 217, 116, 672, 450, 749, 160, 460,
374, 805, 852, 567, 65, 329, 830, 116, 568, 784,
917, 88, 766, 536, 515, 908, 995, 94, 688, 468,
642, 275, 906, 525, 651, 312, 517, 451, 590, 819,
390, 920, 690, 866, 740, 44, 941, 151, 840, 889,
60, 437, 892, 470, 645, 107, 763, 751, 163, 62,
72, 811, 330, 291, 977, 966, 452, 565, 645, 519,
283, 28, 947, 164, 584, 783, 501, 421, 628, 235,
357, 727, 605, 420, 23, 418, 962, 419, 240, 77,
290, 233, 229, 681, 34, 820, 974, 611, 670, 151,
396, 541, 731, 894, 233, 647, 346, 507, 935, 954,
855, 818, 12, 158, 346, 652, 205, 669, 397, 930,
1, 375, 104, 456, 575, 487, 506, 189, 801, 102,
433, 735, 667, 630, 556, 44, 495, 657, 70, 14,
307, 812, 701, 551, 518, 6, 700, 614, 262, 477,
214, 504, 414, 964, 765, 602, 454, 461, 922, 902,
675, 749, 445, 77, 977, 344, 430, 812, 990, 315,
53, 73, 504, 681, 136, 792, 362, 463, 587, 273,
947, 12, 565, 644, 391, 763, 240, 32, 371, 212,
41, 336, 891, 858, 73, 888, 774, 229, 219, 638,
284, 339, 863, 708, 183, 162, 246, 701, 112, 786,
895, 622, 939, 889, 722, 263, 925, 294, 163, 434,
757, 330, 744, 275, 289, 868, 726, 672, 739, 44,
834, 372, 260, 514, 36, 198, 86, 608, 936, 919,
112, 829, 248, 444, 614, 11, 540, 145, 784, 372,
972, 751, 508, 160, 31, 910, 486, 50, 13, 495,
942, 229, 610, 267, 107, 992, 611, 152, 959, 281,
302, 190, 323, 513, 541, 548, 741, 892, 764, 249,
582, 181, 844, 184, 681, 727, 790, 74, 945, 510,
347, 906, 618, 207, 468, 990, 331, 990, 366, 130,
938, 967, 24, 433, 176, 127, 872, 998, 783, 331,
26, 407, 177, 505, 386, 956, 491, 734, 725, 471,
906, 951, 811, 252, 228, 620, 216, 74, 443, 554,
579, 787, 85, 360, 366, 673, 951, 789, 143, 881,
668, 576, 310, 396, 40, 423, 16, 851, 618, 636,
963, 748, 921, 373, 292, 595, 630, 555, 246, 466,
803, 566, 267, 499, 162, 142, 15, 645, 9, 917,
691, 78, 716, 787, 184, 96, 652, 618, 884, 375,
135, 339, 986, 193, 623, 912, 877, 631, 607, 316,
605, 748, 84, 272, 414, 435, 856, 208, 476, 422,
949, 293, 588, 724, 944, 412, 639, 562, 340, 599,
344, 358, 112, 962, 88, 199, 883, 0, 159, 705,
640, 655, 694, 680, 733, 218, 43, 787, 784, 134,
677, 19, 987, 535, 481, 980, 527, 43, 252, 955,
208, 247, 786, 352, 944, 841, 758, 870, 958, 669,
466, 25, 136, 540, 266, 663, 742, 315, 380, 538,
721, 480, 362, 325, 116, 625, 148, 565, 106, 24,
719, 146, 672, 506, 35, 470, 556, 760, 68, 413,
343, 552, 166, 286, 663, 692, 958, 201, 719, 306,
919, 393, 907, 790, 163, 636, 871, 309, 939, 152,
943, 379, 88, 880, 925, 616, 490, 80, 502, 719,
441, 445, 382, 343, 291, 976, 21, 973, 533, 277,
745, 233, 125, 383, 742, 520, 831, 423, 868, 234,
175, 508, 305, 117, 831, 5, 542, 490, 217, 109,
261, 166, 959, 990, 963, 339, 912, 73, 867, 0,
334, 444, 516, 39, 734, 797, 787, 878, 240, 726,
268, 344, 912, 122, 77, 460, 467, 848, 803, 798,
86, 437, 10, 533, 748, 478, 751, 669, 606, 111,
856, 837, 360, 197, 270, 428, 682, 179, 601, 984,
844, 835, 773, 951, 941, 274, 613, 81, 174, 73,
373, 814, 634, 42, 851, 700, 897, 448, 489, 291,
381, 114, 268, 533, 196, 673, 793, 8, 944, 632,
833, 246, 524, 371, 402, 431, 328, 803, 656, 101,
478, 522, 691, 944, 973, 617, 587, 763, 542, 378,
1, 999, 821, 435, 848, 46, 850, 648, 644, 683,
697, 980, 362, 216, 975, 369, 248, 992, 335, 502,
182, 622, 796, 904, 973, 126, 879, 421, 639, 34,
474, 621, 352, 183, 174, 377, 731, 858, 610, 73,
767, 957, 622, 376, 996, 663, 783, 267, 185, 442,
499, 258, 560, 198, 895, 878, 52, 894, 703, 732,
433, 506, 303, 704, 221, 837, 727, 341, 53, 360,
956, 4, 579, 398, 668, 228, 471, 105, 418, 145,
628, 421, 92, 912, 85, 364, 897, 969, 999, 154,
462, 550, 16, 921, 59, 28, 64, 480, 506, 447,
807, 159, 951, 674, 111, 711, 990, 199, 452, 743,
169, 492, 73, 402, 122, 399, 749, 567, 576, 580,
502, 337, 981, 972, 668, 705, 127, 400, 649, 768,
501, 606, 448, 385, 781, 955, 636, 126, 11, 978,
994, 994, 748, 204, 561, 455, 100, 608, 472, 9,
525, 53, 490, 779, 746, 582, 526, 264, 243, 269,
521, 957, 209, 523, 360, 541, 516, 894, 808, 12,
890, 813, 153, 720, 683, 280, 443, 485, 507, 523,
103, 337, 528, 372, 505, 344, 821, 451, 725, 224,
262, 490, 839, 62, 397, 621, 855, 419, 45, 876,
525, 266, 756, 438, 378, 539, 926, 433, 383, 693,
863, 79, 417, 183, 881, 394, 102, 264, 472, 516,
561, 119, 930, 96, 772, 773, 35, 653, 174, 187,
447, 764, 995, 686, 9, 848, 276, 978, 476, 710,
54, 413, 120, 309, 119, 91, 608, 383, 678, 835,
929, 896, 491, 7, 805, 455, 31, 73, 361, 395,
484, 69, 84, 991, 40, 370, 17, 129, 151, 317,
758, 104, 743, 815, 270, 196, 72, 357, 12, 778,
643, 489, 234, 40, 665, 855, 640, 110, 176, 779,
584, 342, 882, 433, 274, 701, 958, 476, 420, 322,
771, 515, 548, 478, 514, 130, 505, 285, 372, 725,
822, 124, 252, 650, 857, 883, 166, 383, 3, 550,
543, 537, 416, 550, 391, 863, 618, 141, 893, 70,
593, 26, 297, 750, 974, 873, 976, 421, 56, 911,
739, 387, 119, 909, 537, 182, 542, 922, 999, 759,
814, 830, 781, 596, 73, 868, 499, 695, 140, 736,
299, 975, 113, 98, 816, 181, 52, 201, 816, 354,
356, 899, 126, 519, 564, 491, 75, 477, 771, 141,
334, 599, 185, 719, 849, 804, 971, 632, 318, 177,
984, 549, 410, 151, 364, 417, 345, 416, 381, 13,
498, 192, 877, 864, 108, 514, 480, 105, 289, 760,
759, 315, 570, 503, 507, 856, 252, 74, 333, 969,
425, 77, 110, 53, 537, 389, 162, 424, 363, 743,
219, 805, 335, 263, 523, 680, 726, 674, 538, 461,
612, 621, 225, 245, 500, 983, 597, 522, 36, 380,
816, 264, 323, 540, 133, 591, 769, 547, 363, 510,
510, 970, 940, 179, 877, 727, 470, 8, 946, 824,
297, 72, 322, 718, 626, 754, 74, 839, 623, 172,
331, 836, 116, 693, 676, 764, 558, 916, 809, 80,
22, 164, 586, 818, 737, 140, 295, 112, 397, 306,
666, 701, 902, 929, 245, 537, 154, 691, 479, 247,
105, 136, 809, 616, 361, 222, 613, 327, 937, 723,
833, 276, 469, 594, 88, 989, 457, 107, 530, 242,
722, 982, 710, 559, 153, 128, 213, 400, 737, 159,
520, 672, 451, 147, 452, 730, 255, 774, 653, 323,
14, 277, 865, 24, 766, 335, 439, 636, 70, 670,
840, 309, 595, 307, 828, 800, 898, 175, 672, 761,
342, 55, 239, 720, 188, 119, 22, 16, 397, 131,
12, 298, 349, 786, 242, 506, 482, 876, 527, 896,
894, 989, 24, 569, 136, 274, 934, 575, 944, 212,
848, 606, 602, 531, 67, 520, 429, 300, 358, 148,
965, 30, 603, 475, 389, 633, 611, 43, 385, 800,
97, 583, 138, 473, 194, 110, 275, 131, 403, 483,
149, 791, 508, 518, 726, 298, 132, 881, 942, 881,
613, 165, 333, 998, 729, 597, 703, 539, 629, 19,
514, 412, 124, 267, 594, 330, 775, 389, 603, 453,
772, 342, 255, 641, 501, 681, 351, 556, 259, 825,
79, 463, 482, 403, 614, 892, 926, 786, 211, 399,
30, 651, 415, 575, 280, 658, 942, 15, 734, 156,
519, 304, 272, 183, 127, 826, 986, 111, 624, 530,
895, 826, 848, 518, 437, 566, 191, 751, 355, 217,
721, 286, 632, 217, 366, 642, 94, 758, 982, 785,
352, 301, 624, 541, 63, 486, 516, 353, 131, 888,
192, 236, 488, 571, 841, 389, 567, 422, 186, 712,
638, 210, 393, 143, 27, 903, 848, 757, 861, 477,
633, 375, 219, 238, 22, 508, 698, 179, 992, 638,
952, 228, 438, 713, 110, 731, 537, 900, 198, 339,
917, 630, 330, 301, 507, 555, 117, 651, 148, 855,
501, 945, 400, 858, 937, 753, 321, 876, 191, 710,
777, 435, 242, 107, 251, 490, 298, 428, 1, 212,
276, 517, 746, 922, 140, 546, 694, 514, 120, 543,
524, 129, 863, 273, 443, 17, 489, 228, 96, 38,
489, 671, 217, 973, 640, 173, 487, 423, 748, 229,
953, 893, 985, 220, 766, 28, 478, 377, 243, 419,
259, 722, 431, 26, 258, 253, 274, 973, 332, 345,
197, 945, 229, 638, 238, 823, 27, 602, 506, 855,
82, 918, 233, 150, 124, 80, 44, 875, 679, 514,
26, 542, 911, 163, 364, 787, 390, 429, 293, 22,
305, 383, 438, 806, 677, 403, 425, 495, 897, 170,
940, 922, 390, 263, 496, 368, 269, 562, 147, 952,
775, 822, 803, 101, 387, 212, 324, 675, 195, 257,
715, 635, 488, 758, 140, 621, 96, 742, 713, 605,
757, 486, 852, 481, 151, 712, 824, 338, 540, 192,
914, 2, 423, 915, 685, 413, 919, 740, 743, 747,
466, 177, 182, 620, 274, 646, 359, 877, 606, 344,
624, 178, 956, 756, 348, 252, 774, 929, 111, 189,
370, 867, 619, 794, 278, 394, 138, 209, 212, 523,
92, 778, 994, 613, 916, 731, 670, 590, 654, 622,
328, 879, 100, 182, 856, 22, 498, 906, 129, 562,
678, 993, 270, 12, 340, 887, 389, 236, 48, 391,
49, 865, 581, 873, 196, 669, 494, 125, 156, 737,
323, 161, 5, 237, 438, 688, 664, 386, 647, 676,
250, 939, 429, 229, 528, 721, 589, 98, 962, 471,
352, 735, 758, 206, 152, 624, 718, 898, 915, 69,
828, 292, 628, 54, 845, 520, 518, 177, 364, 322,
338, 281, 329, 373, 387, 250, 977, 852, 920, 499,
439, 277, 642, 658, 283, 514, 254, 414, 603, 370,
765, 1, 559, 832, 874, 188, 985, 282, 108, 768,
252, 364, 389, 2, 21, 622, 930, 583, 296, 396,
852, 721, 652, 580, 397, 752, 273, 661, 535, 652,
584, 302, 210, 769, 532, 461, 797, 172, 488, 289,
95, 990, 937, 650, 582, 375, 142, 663, 320, 861,
173, 640, 872, 884, 359, 990, 915, 480, 527, 48,
683, 1, 559, 895, 843, 94, 243, 419, 709, 406,
810, 527, 257, 778, 571, 147, 742, 959, 436, 457,
942, 659, 913, 474, 277, 437, 786, 98, 378, 250,
317, 673, 354, 686, 119, 99, 608, 104, 197, 779,
817, 313, 872, 659, 184, 709, 384, 655, 125, 107,
112, 875, 300, 426, 290, 153, 563, 780, 548, 944,
91, 40, 764, 905, 475, 650, 784, 780, 33, 102,
49, 675, 139, 109, 57, 101, 125, 767, 618, 38,
259, 658, 233, 772, 482, 249, 699, 461, 194, 641,
958, 783, 246, 72, 67, 409, 407, 398, 771, 16,
302, 497, 392, 844, 425, 731, 837, 717, 680, 39,
592, 296, 176, 12, 631, 990, 231, 929, 305, 318,
441, 234, 23, 89, 851, 138, 666, 447, 318, 458,
454, 105, 950, 872, 736, 855, 396, 443, 220, 587,
336, 326, 475, 493, 875, 291, 994, 48, 644, 66,
126, 476, 9, 338, 375, 781, 337, 207, 850, 653,
576, 613, 372, 326, 634, 452, 299, 106, 507, 764,
303, 471, 935, 299, 138, 989, 861, 477, 475, 449,
169, 507, 417, 215, 875, 215, 646, 995, 722, 654,
218, 417, 820, 439, 522, 639, 362, 100, 912, 599,
488, 239, 413, 881, 667, 503, 605, 48, 142, 970,
922, 611, 910, 901, 283, 487, 749, 921, 861, 852,
140, 496, 378, 37, 892, 2, 602, 988, 30, 857,
952, 397, 569, 667, 39, 9, 613, 657, 908, 230,
694, 35, 341, 237, 787, 143, 370, 5, 79, 538,
971, 382, 616, 389, 555, 640, 670, 459, 163, 997,
654, 635, 338, 164, 416, 641, 364, 31, 205, 890,
392, 927, 229, 424, 134, 943, 376, 930, 872, 615,
819, 167, 625, 370, 990, 164, 212, 650, 235, 157,
758, 42, 601, 753, 302, 163, 731, 777, 500, 571,
763, 969, 712, 900, 498, 376, 468, 793, 372, 437,
61, 230, 655, 939, 629, 48, 293, 526, 429, 91,
707, 766, 98, 411, 593, 171, 621, 724, 954, 714,
951, 702, 958, 535, 68, 435, 455, 459, 368, 603,
56, 713, 751, 595, 13, 467, 489, 865, 606, 818,
62, 355, 638, 982, 55, 680, 4, 27, 150, 6,
263, 348, 454, 246, 583, 404, 205, 726, 786, 731,
784, 869, 596, 909, 536, 820, 819, 698, 637, 715,
666, 329, 744, 130, 387, 990, 197, 33, 563, 326,
753, 537, 569, 601, 904, 941, 550, 31, 714, 259,
220, 805, 670, 72, 512, 658, 856, 315, 506, 62,
663, 712, 559, 451, 722, 704, 748, 302, 21, 942,
117, 719, 910, 141, 287, 718, 357, 273, 891, 281,
427, 356, 684, 556, 834, 370, 980, 928, 925, 86,
937, 551, 625, 182, 262, 983, 253, 197, 551, 381,
718, 328, 100, 28, 878, 243, 570, 134, 334, 412,
990, 657, 793, 703, 844, 574, 547, 444, 759, 94,
41, 975, 554, 878, 971, 671, 334, 133, 672, 97,
597, 556, 640, 789, 598, 949, 920, 865, 74, 142,
746, 508, 119, 304, 803, 54, 402, 83, 9, 351,
730, 709, 276, 421, 227, 315, 611, 169, 993, 750,
91, 188, 653, 570, 68, 678, 52, 123, 453, 96,
654, 225, 201, 163, 133, 542, 457, 992, 263, 492,
580, 665, 661, 428, 12, 464, 101, 389, 619, 886,
37, 90, 702, 86, 297, 800, 209, 260, 22, 526,
595, 392, 976, 957, 771, 192, 313, 562, 603, 933,
835, 1, 85, 180, 136, 620, 715, 671, 288, 189,
762, 477, 387, 816, 10, 776, 535, 805, 199, 317,
956, 77, 852, 274, 902, 402, 921, 859, 987, 196,
402, 661, 262, 601, 739, 598, 163, 989, 624, 748,
172, 522, 201, 350, 83, 697, 526, 72, 648, 474,
639, 315, 886, 569, 504, 324, 265, 417, 275, 412,
907, 221, 22, 256, 192, 77, 222, 145, 334, 182,
524, 230, 336, 757, 559, 593, 821, 213, 146, 88,
884, 951, 288, 397, 195, 201, 605, 264, 473, 114,
919, 547, 177, 749, 477, 398, 776, 932, 142, 956,
896, 951, 814, 949, 406, 517, 156, 974, 112, 179,
471, 838, 531, 403, 530, 227, 460, 350, 293, 108,
830, 628, 639, 408, 484, 603, 329, 135, 367, 463,
732, 150, 914, 225, 366, 641, 972, 219, 937, 549,
357, 355, 252, 100, 309, 254, 286, 380, 305, 495,
784, 242, 448, 120, 842, 123, 173, 712, 913, 43,
589, 525, 223, 297, 340, 108, 668, 571, 131, 767,
308, 518, 77, 606, 481, 785, 977, 489, 563, 186,
474, 293, 300, 577, 174, 309, 936, 268, 708, 411,
181, 834, 570, 463, 240, 716, 14, 271, 753, 369,
179, 392, 375, 65, 141, 276, 231, 636, 497, 348,
601, 652, 135, 272, 915, 696, 289, 636, 186, 403,
137, 445, 94, 284, 174, 645, 102, 871, 591, 635,
428, 964, 219, 47, 634, 590, 312, 740, 117, 463,
635, 95, 800, 770, 503, 135, 708, 177, 649, 333,
319, 0, 396, 966, 155, 234, 696, 462, 289, 746,
921, 687, 581, 421, 557, 243, 276, 710, 701, 391,
67, 441, 55, 480, 489, 212, 220, 994, 608, 267,
542, 423, 528, 284, 308, 997, 949, 658, 777, 99,
977, 5, 666, 92, 645, 866, 231, 749, 189, 719,
539, 420, 89, 274, 999, 354, 923, 634, 740, 299,
550, 510, 296, 186, 859, 693, 747, 202, 370, 598,
722, 995, 39, 529, 843, 690, 131, 492, 322, 356,
421, 435, 179, 732, 432, 338, 674, 283, 55, 677,
944, 743, 86, 514, 670, 160, 362, 581, 775, 958,
860, 388, 872, 615, 738, 412, 124, 424, 327, 628,
574, 881, 949, 48, 93, 870, 191, 769, 255, 628,
995, 123, 527, 825, 776, 255, 465, 206, 477, 818,
41, 209, 402, 38, 6, 214, 267, 199, 532, 647,
66, 897, 74, 932, 444, 808, 105, 484, 543, 71,
191, 4, 553, 277, 75, 983, 493, 541, 217, 911,
570, 190, 80, 610, 61, 546, 475, 537, 48, 418,
213, 654, 259, 754, 40, 836, 970, 337, 695, 931,
671, 580, 898, 819, 465, 892, 290, 65, 188, 13,
198, 648, 707, 999, 246, 922, 676, 50, 62, 656,
131, 46, 197, 78, 130, 25, 30, 17, 592, 781,
158, 677, 71, 233, 296, 507, 626, 166, 997, 792,
822, 141, 648, 588, 112, 927, 313, 81, 631, 285,
288, 594, 796, 273, 565, 494, 448, 365, 37, 389,
228, 963, 680, 594, 551, 260, 576, 754, 395, 749,
372, 828, 969, 998, 847, 617, 471, 709, 642, 662,
927, 283, 713, 471, 177, 973, 589, 583, 756, 958,
557, 349, 33, 690, 331, 961, 232, 30, 364, 40,
527, 807, 711, 404, 679, 953, 274, 719, 634, 457,
481, 113, 571, 444, 865, 128, 180, 536, 893, 968,
446, 660, 590, 396, 548, 452, 536, 699, 545, 208,
322, 102, 467, 886, 966, 233, 152, 508, 914, 599,
840, 34, 430, 363, 883, 232, 239, 197, 565, 500,
916, 146, 454, 623, 103, 744, 783, 720, 302, 135,
466, 824, 315, 235, 593, 584, 136, 130, 826, 232,
23, 753, 330, 290, 977, 372, 727, 711, 605, 101,
554, 920, 291, 21, 493, 295, 106, 169, 137, 414,
831, 470, 748, 976, 15, 456, 745, 879, 646, 88,
455, 294, 57, 700, 967, 984, 425, 347, 48, 777,
233, 985, 301, 532, 698, 904, 122, 28, 805, 168,
475, 438, 601, 848, 990, 591, 757, 341, 385, 498,
504, 202, 103, 157, 975, 217, 79, 629, 272, 833,
565, 158, 596, 89, 117, 287, 9, 979, 910, 238,
145, 797, 820, 376, 285, 284, 568, 196, 687, 721,
675, 617, 374, 513, 912, 652, 243, 640, 154, 415,
60, 317, 847, 414, 438, 372, 547, 587, 376, 72,
271, 405, 110, 671, 124, 797, 371, 667, 939, 153,
147, 989, 238, 396, 736, 933, 36, 445, 827, 791,
377, 751, 989, 392, 700, 705, 239, 586, 758, 583,
143, 717, 167, 609, 115, 590, 35, 483, 235, 596,
101, 421, 986, 488, 323, 443, 957, 781, 706, 799,
896, 289, 323, 29, 381, 594, 318, 24, 214, 508,
614, 339, 237, 554, 334, 763, 618, 220, 130, 899,
141, 240, 601, 24, 556, 659, 409, 814, 295, 785,
467, 274, 890, 772, 568, 322, 139, 562, 365, 193,
84, 170, 907, 904, 939, 96, 355, 377, 41, 175,
144, 725, 168, 246, 524, 818, 177, 430, 368, 781,
124, 315, 406, 566, 984, 137, 545, 684, 822, 112,
120, 870, 305, 163, 126, 540, 185, 798, 822, 797,
313, 631, 509, 394, 821, 367, 576, 259, 440, 752,
768, 832, 869, 608, 155, 667, 860, 71, 149, 388,
343, 470, 639, 309, 837, 336, 686, 960, 495, 757,
175, 429, 98, 557, 818, 16, 420, 226, 700, 403,
906, 601, 874, 440, 913, 619, 426, 169, 164, 286,
204, 387, 966, 961, 58, 832, 840, 25, 396, 92,
509, 709, 862, 51, 27, 640, 894, 153, 173, 928,
153, 370, 639, 747, 341, 219, 458, 866, 708, 264,
49, 752, 231, 616, 843, 860, 289, 357, 514, 892,
294, 81, 290, 261, 716, 502, 542, 129, 417, 580,
944, 145, 269, 344, 207, 211, 289, 842, 54, 581,
568, 440, 171, 227, 373, 226, 477, 77, 789, 638,
794, 92, 814, 285, 415, 502, 273, 453, 513, 528,
300, 592, 644, 492, 698, 413, 378, 276, 999, 358,
678, 637, 887, 554, 922, 727, 774, 51, 262, 628,
630, 26, 585, 567, 84, 513, 420, 551, 683, 178,
317, 900, 382, 95, 74, 226, 96, 194, 960, 547,
678, 565, 122, 10, 783, 60, 661, 61, 971, 674,
940, 10, 122, 937, 527, 286, 158, 22, 425, 545,
412, 548, 602, 798, 895, 48, 458, 474, 734, 133,
960, 587, 230, 713, 66, 619, 530, 479, 254, 292,
195, 127, 608, 287, 659, 155, 68, 472, 22, 819,
902, 188, 699, 731, 216, 29, 535, 555, 300, 541,
124, 583, 427, 50, 720, 264, 310, 257, 872, 396,
603, 278, 302, 353, 17, 466, 944, 992, 551, 374,
356, 591, 211, 591, 329, 263, 511, 730, 927, 704,
296, 138, 626, 889, 609, 312, 907, 668, 5, 659,
167, 761, 277, 360, 916, 586, 737, 963, 226, 664,
898, 799, 230, 476, 63, 810, 933, 744, 110, 525,
86, 567, 958, 850, 145, 297, 26, 542, 247, 284,
424, 130, 17, 128, 651, 980, 286, 737, 759, 532,
63, 915, 459, 276, 414, 361, 59, 6, 919, 142,
606, 61, 29, 664, 453, 669, 895, 121, 166, 932,
53, 456, 495, 453, 638, 343, 303, 994, 587, 398,
658, 402, 562, 857, 627, 660, 139, 814, 151, 515,
7, 489, 327, 778, 627, 195, 766, 994, 639, 272,
20, 465, 171, 280, 194, 517, 20, 88, 311, 890,
460, 914, 131, 144, 136, 202, 994, 528, 262, 619,
411, 544, 462, 881, 105, 605, 984, 344, 537, 865,
678, 957, 85, 846, 540, 228, 689, 618, 701, 946,
260, 107, 936, 843, 994, 500, 747, 959, 423, 16,
870, 544, 262, 710, 859, 551, 507, 798, 596, 279,
294, 196, 166, 522, 57, 106, 557, 60, 195, 691,
296, 261, 471, 645, 511, 890, 182, 854, 202, 502,
284, 515, 675, 37, 786, 36, 86, 257, 839, 564,
424, 849, 380, 608, 494, 606, 440, 534, 88, 216,
354, 80, 966, 745, 229, 761, 73, 815, 985, 767,
549, 272, 375, 209, 621, 530, 877, 955, 576, 665,
675, 208, 587, 116, 29, 64, 903, 449, 170, 442,
388, 584, 620, 539, 182, 710, 97, 967, 743, 755,
577, 135, 685, 310, 537, 540, 813, 135, 856, 3,
840, 965, 560, 522, 133, 361, 591, 697, 944, 659,
454, 629, 874, 268, 106, 457, 192, 996, 137, 334,
496, 132, 255, 565, 49, 486, 114, 202, 514, 948,
627, 427, 398, 719, 774, 552, 39, 313, 307, 54,
713, 372, 470, 991, 424, 124, 275, 101, 92, 115,
615, 959, 308, 748, 899, 538, 625, 506, 418, 987,
453, 49, 677, 812, 851, 549, 101, 677, 976, 450,
233, 317, 314, 92, 432, 377, 848, 921, 481, 445,
987, 107, 65, 425, 780, 689, 813, 173, 478, 905,
728, 104, 516, 663, 456, 685, 878, 681, 828, 223,
544, 166, 848, 543, 4, 924, 757, 963, 882, 641,
890, 33, 828, 612, 760, 109, 511, 957, 580, 999,
679, 586, 366, 392, 753, 68, 922, 446, 167, 170,
444, 847, 504, 68, 450, 731, 742, 266, 365, 412,
420, 253, 95, 354, 344, 334, 707, 410, 957, 303,
514, 719, 916, 983, 618, 876, 444, 154, 996, 905,
255, 671, 477, 460, 543, 515, 221, 985, 105, 887,
679, 181, 824, 942, 40, 72, 341, 114, 420, 521,
39, 391, 437, 374, 653, 431, 277, 676, 259, 327,
878, 508, 685, 906, 191, 999, 813, 549, 2, 355,
211, 619, 324, 982, 846, 802, 485, 186, 638, 318,
377, 122, 603, 868, 366, 948, 131, 26, 871, 863,
800, 213, 960, 879, 849, 426, 50, 423, 627, 657,
681, 758, 494, 431, 733, 550, 932, 683, 150, 641,
664, 220, 331, 684, 660, 368, 133, 64, 205, 536,
895, 606, 363, 882, 217, 515, 915, 151, 790, 717,
223, 79, 802, 757, 394, 49, 768, 181, 228, 648,
34, 252, 861, 850, 770, 471, 447, 202, 225, 755,
204, 257, 119, 792, 170, 856, 978, 552, 132, 297,
418, 120, 4, 967, 28, 318, 197, 339, 333, 660,
270, 441, 562, 12, 979, 378, 150, 469, 598, 898,
252, 924, 607, 549, 813, 334, 607, 870, 227, 69,
523, 216, 375, 433, 599, 225, 145, 49, 505, 228,
534, 795, 824, 557, 742, 784, 621, 802, 199, 987,
136, 200, 868, 884, 134, 444, 450, 471, 753, 644,
532, 482, 193, 557, 141, 944, 498, 205, 519, 503,
694, 11, 745, 185, 284, 406, 238, 73, 624, 420,
612, 828, 854, 69, 690, 122, 49, 966, 774, 164,
385, 810, 581, 921, 21, 798, 164, 732, 188, 707,
175, 568, 218, 282, 312, 455, 273, 147, 762, 327,
910, 431, 358, 350, 398, 911, 150, 999, 233, 812,
264, 165, 438, 288, 718, 848, 735, 20, 628, 902,
317, 516, 721, 75, 543, 0, 617, 948, 40, 388,
217, 865, 479, 331, 605, 401, 114, 119, 568, 746,
573, 668, 138, 481, 8, 374, 334, 671, 71, 671,
220, 813, 926, 94, 652, 961, 516, 189, 477, 873,
63, 417, 93, 879, 873, 679, 561, 622, 578, 765,
79, 76, 269, 895, 882, 681, 887, 884, 246, 439,
846, 960, 901, 386, 518, 890, 354, 105, 458, 705,
211, 622, 217, 42, 996, 506, 646, 405, 634, 909,
452, 906, 12, 501, 66, 150, 185, 820, 100, 314,
390, 71, 187, 765, 63, 260, 294, 569, 257, 260,
536, 4, 181, 682, 67, 984, 887, 522, 733, 268,
503, 717, 402, 44, 511, 244, 555, 919, 471, 747,
758, 144, 518, 432, 998, 728, 138, 172, 844, 241,
754, 586, 230, 910, 945, 29, 879, 713, 381, 807,
543, 861, 585, 223, 252, 901, 608, 170, 104, 292,
972, 333, 206, 303, 38, 490, 264, 391, 526, 42,
458, 468, 517, 882, 796, 7, 800, 664, 308, 846,
144, 184, 98, 606, 264, 162, 752, 643, 455, 782,
626, 188, 351, 707, 714, 933, 477, 388, 280, 60,
362, 885, 352, 560, 641, 356, 339, 15, 314, 611,
474, 56, 798, 885, 968, 528, 196, 295, 352, 960,
556, 225, 576, 358, 778, 557, 252, 859, 716, 679,
350, 710, 823, 205, 668, 743, 576, 857, 434, 254,
791, 917, 658, 621, 16, 247, 497, 483, 773, 405,
124, 147, 534, 818, 26, 388, 691, 58, 644, 426,
755, 250, 394, 77, 750, 299, 248, 992, 120, 409,
577, 341, 734, 655, 67, 879, 358, 782, 340, 623,
122, 765, 138, 556, 134, 986, 289, 461, 963, 642,
480, 888, 714, 238, 573, 33, 557, 719, 323, 963,
194, 371, 969, 490, 457, 688, 605, 308, 504, 641,
1, 5, 109, 975, 92, 450, 988, 97, 524, 593,
274, 839, 746, 487, 833, 811, 662, 513, 92, 809,
358, 528, 142, 584, 657, 750, 470, 369, 337, 142,
254, 384, 760, 979, 100, 354, 681, 79, 312, 390,
899, 864, 503, 126, 354, 910, 704, 152, 214, 287,
709, 167, 440, 310, 820, 456, 2, 538, 790, 610,
22, 523, 759, 445, 906, 731, 968, 782, 690, 602,
442, 514, 198, 490, 36, 314, 374, 60, 38, 13,
92, 723, 30, 420, 889, 847, 43, 338, 138, 565,
169, 810, 348, 117, 292, 966, 110, 43, 17, 165,
134, 467, 369, 756, 446, 447, 527, 928, 112, 827,
204, 555, 936, 19, 880, 982, 417, 891, 444, 758,
51, 142, 94, 930, 164, 267, 781, 659, 52, 533,
894, 660, 725, 266, 902, 813, 282, 383, 297, 59,
495, 10, 154, 882, 234, 440, 355, 293, 433, 176,
544, 813, 500, 415, 327, 417, 548, 765, 202, 181,
956, 648, 145, 454, 567, 343, 505, 20, 355, 706,
10, 49, 916, 161, 424, 201, 251, 386, 287, 515,
504, 887, 749, 79, 22, 127, 362, 280, 439, 155,
955, 828, 663, 668, 584, 753, 229, 723, 226, 890,
391, 729, 225, 34, 694, 280, 741, 361, 562, 553,
476, 901, 431, 656, 515, 467, 768, 853, 128, 246,
234, 893, 791, 535, 21, 240, 68, 557, 902, 180,
769, 39, 664, 522, 80, 408, 77, 583, 883, 921,
56, 470, 529, 198, 868, 99, 724, 66, 666, 3,
897, 140, 799, 187, 816, 414, 652, 310, 885, 123,
778, 171, 421, 490, 758, 830, 373, 584, 705, 734,
48, 10, 163, 31, 951, 171, 705, 49, 374, 139,
421, 48, 837, 505, 621, 925, 252, 450, 798, 421,
594, 731, 674, 601, 360, 211, 31, 158, 713, 772,
219, 613, 253, 236, 861, 430, 822, 383, 758, 784,
818, 287, 351, 828, 155, 910, 652, 979, 980, 35,
242, 949, 725, 684, 637, 124, 112, 507, 693, 144,
908, 204, 882, 548, 170, 6, 742, 993, 422, 112,
233, 266, 760, 53, 19, 15, 564, 483, 5, 670,
695, 201, 777, 638, 308, 311, 571, 78, 94, 626,
496, 726, 38, 832, 887, 388, 590, 744, 868, 578,
535, 734, 572, 205, 24, 390, 598, 345, 745, 71,
487, 532, 215, 619, 41, 760, 648, 963, 149, 13,
305, 455, 734, 975, 382, 703, 656, 355, 123, 908,
153, 407, 680, 114, 839, 531, 90, 586, 274, 923,
880, 619, 835, 550, 778, 905, 220, 724, 249, 785,
130, 699, 635, 987, 481, 490, 30, 585, 7, 194,
799, 199, 52, 306, 883, 372, 560, 851, 21, 408,
542, 147, 121, 254, 943, 461, 673, 780, 42, 232,
887, 408, 42, 119, 90, 694, 193, 9, 500, 807,
916, 98, 235, 892, 334, 162, 902, 419, 961, 988,
3, 961, 746, 554, 894, 969, 405, 143, 844, 372,
82, 125, 537, 25, 38, 704, 799, 615, 28, 331,
817, 953, 589, 937, 167, 201, 78, 695, 466, 960,
657, 520, 570, 756, 703, 209, 357, 475, 509, 766,
355, 448, 388, 772, 216, 316, 197, 872, 242, 734,
300, 320, 276, 630, 860, 105, 987, 750, 908, 993,
342, 954, 193, 166, 683, 250, 612, 310, 639, 741,
933, 872, 622, 720, 160, 443, 677, 752, 831, 718,
787, 676, 560, 976, 143, 471, 793, 137, 902, 268,
225, 672, 500, 618, 576, 166, 349, 234, 449, 122,
908, 63, 55, 63, 412, 238, 303, 172, 869, 598,
109, 554, 386, 473, 673, 363, 416, 131, 842, 856,
241, 659, 43, 252, 178, 959, 742, 208, 234, 213,
735, 742, 532, 992, 714, 314, 382, 992, 872, 357,
787, 837, 661, 444, 878, 28, 581, 841, 601, 523,
161, 464, 756, 2, 388, 781, 353, 10, 252, 892,
352, 259, 533, 97, 615, 569, 607, 353, 76, 78,
931, 536, 390, 782, 353, 596, 993, 654, 543, 674,
704, 886, 829, 680, 247, 945, 364, 675, 201, 827,
664, 338, 608, 923, 523, 250, 300, 393, 429, 356,
622, 305, 321, 236, 141, 0, 369, 738, 41, 838,
52, 422, 701, 413, 855, 672, 170, 386, 850, 182,
474, 721, 932, 114, 258, 93, 626, 259, 932, 89,
268, 251, 268, 584, 728, 888, 241, 84, 428, 279,
222, 173, 990, 478, 74, 624, 174, 56, 333, 786,
574, 383, 588, 333, 936, 468, 678, 371, 73, 851,
128, 768, 909, 110, 149, 237, 387, 758, 858, 113,
874, 609, 322, 195, 244, 832, 806, 526, 882, 664,
431, 556, 272, 188, 230, 486, 19, 401, 596, 922,
944, 818, 701, 871, 62, 757, 987, 453, 71, 405,
968, 264, 211, 33, 780, 543, 14, 309, 80, 688,
75, 312, 745, 974, 993, 110, 593, 101, 149, 359,
627, 397, 327, 248, 510, 557, 601, 464, 156, 138,
638, 757, 211, 665, 944, 376, 155, 33, 813, 566,
889, 165, 938, 728, 211, 728, 632, 726, 837, 585,
758, 472, 508, 778, 391, 365, 378, 547, 94, 487,
617, 764, 719, 574, 266, 3, 432, 140, 824, 123,
464, 625, 657, 806, 886, 161, 349, 683, 861, 210,
394, 907, 975, 386, 559, 993, 847, 689, 864, 817,
36, 762, 985, 283, 27, 448, 551, 991, 267, 47,
587, 906, 567, 40, 80, 482, 263, 769, 567, 807,
129, 340, 896, 523, 319, 663, 524, 75, 720, 876,
33, 134, 619, 442, 694, 749, 48, 803, 216, 596,
434, 263, 828, 425, 803, 730, 589, 322, 342, 697,
856, 475, 731, 955, 14, 144, 6, 77, 195, 0,
577, 110, 685, 987, 195, 661, 830, 861, 353, 663,
150, 579, 380, 942, 818, 285, 163, 214, 121, 477,
554, 306, 633, 240, 275, 726, 390, 578, 948, 390,
555, 615, 66, 943, 892, 959, 277, 236, 66, 721,
283, 117, 512, 723, 481, 451, 183, 577, 647, 78,
813, 428, 28, 402, 899, 525, 610, 159, 398, 587,
218, 41, 869, 409, 611, 528, 157, 123, 608, 736,
498, 842, 264, 851, 896, 69, 738, 837, 665, 491,
871, 505, 607, 607, 818, 243, 3, 931, 198, 893,
151, 720, 48, 989, 362, 277, 949, 543, 26, 574,
556, 639, 38, 143, 799, 386, 700, 681, 150, 366,
129, 859, 228, 975, 647, 237, 910, 835, 188, 162,
50, 96, 801, 92, 900, 572, 71, 292, 127, 342,
9, 433, 722, 411, 486, 416, 864, 843, 293, 414,
109, 53, 559, 459, 653, 640, 47, 103, 215, 100,
813, 97, 947, 304, 931, 533, 632, 413, 623, 629,
505, 35, 891, 76, 97, 731, 225, 863, 820, 404,
243, 381, 703, 826, 290, 400, 395, 876, 725, 476,
342, 709, 589, 24, 755, 885, 398, 203, 795, 280,
601, 641, 452, 104, 424, 438, 601, 495, 64, 90,
802, 855, 694, 717, 949, 829, 548, 740, 13, 499,
803, 653, 290, 781, 349, 872, 417, 503, 795, 983,
102, 229, 868, 319, 719, 627, 95, 711, 386, 46,
395, 577, 258, 43, 453, 119, 254, 958, 907, 943,
379, 85, 903, 722, 291, 654, 581, 441, 349, 726,
216, 545, 959, 692, 945, 65, 298, 982, 898, 113,
693, 178, 730, 749, 413, 951, 138, 234, 259, 21,
64, 577, 373, 346, 617, 26, 202, 575, 821, 242,
120, 651, 725, 120, 705, 390, 472, 148, 494, 912,
559, 881, 297, 666, 701, 133, 569, 861, 27, 575,
762, 579, 603, 616, 260, 59, 811, 933, 342, 80,
260, 356, 537, 740, 428, 660, 369, 953, 209, 786,
458, 992, 79, 514, 63, 502, 291, 435, 345, 116,
977, 69, 493, 870, 691, 983, 543, 62, 83, 372,
959, 385, 980, 806, 721, 58, 91, 911, 609, 230,
499, 531, 582, 632, 658, 298, 86, 126, 374, 228,
130, 196, 44, 277, 876, 351, 386, 700, 806, 332,
539, 991, 229, 618, 875, 25, 870, 198, 60, 639,
80, 286, 344, 647, 642, 303, 999, 313, 390, 426,
940, 34, 166, 413, 251, 711, 958, 463, 94, 200,
410, 142, 713, 229, 489, 964, 266, 85, 498, 886,
109, 172, 62, 935, 326, 500, 887, 613, 312, 360,
159, 275, 566, 477, 700, 375, 664, 674, 787, 324,
112, 554, 330, 362, 486, 87, 538, 981, 289, 929,
357, 684, 286, 791, 300, 370, 686, 869, 412, 698,
307, 567, 738, 991, 251, 589, 61, 290, 313, 263,
803, 40, 856, 11, 782, 466, 633, 516, 336, 982,
967, 677, 581, 214, 609, 871, 697, 72, 480, 704,
394, 830, 129, 317, 470, 111, 813, 40, 888, 502,
967, 293, 143, 161, 558, 690, 831, 221, 204, 565,
4, 727, 214, 91, 316, 702, 133, 509, 621, 432,
955, 829, 247, 578, 498, 251, 555, 620, 186, 217,
597, 347, 666, 445, 101, 457, 873, 888, 84, 530,
285, 2, 125, 961, 524, 336, 250, 435, 345, 825,
65, 361, 641, 710, 238, 644, 566, 32, 426, 252,
964, 302, 684, 602, 418, 582, 904, 142, 811, 4,
925, 363, 397, 386, 212, 338, 514, 455, 685, 837,
6, 266, 484, 149, 256, 984, 940, 493, 757, 885,
906, 889, 320, 960, 190, 33, 966, 129, 237, 186,
498, 383, 587, 983, 332, 69, 167, 804, 456, 662,
935, 627, 380, 1, 30, 603, 569, 166, 707, 262,
694, 753, 515, 697, 553, 958, 698, 81, 560, 302,
950, 700, 647, 241, 309, 558, 850, 661, 128, 677,
438, 813, 855, 359, 467, 989, 479, 979, 540, 941,
434, 613, 810, 677, 702, 990, 846, 472, 640, 179,
182, 804, 50, 84, 626, 201, 947, 320, 983, 791,
854, 31, 435, 405, 614, 952, 234, 447, 608, 517,
177, 104, 633, 44, 737, 881, 610, 62, 734, 320,
457, 197, 89, 132, 10, 882, 922, 295, 365, 797,
498, 350, 338, 153, 312, 342, 226, 622, 155, 919,
816, 601, 143, 157, 825, 185, 843, 684, 543, 195,
106, 260, 900, 1, 737, 805, 693, 390, 841, 661,
740, 653, 132, 551, 731, 547, 518, 935, 486, 953,
204, 900, 968, 903, 224, 708, 841, 198, 768, 126,
734, 348, 739, 620, 33, 589, 85, 136, 195, 584,
877, 144, 791, 616, 125, 565, 345, 164, 386, 368,
191, 594, 862, 214, 319, 7, 554, 6, 289, 145,
119, 344, 110, 465, 294, 977, 1, 563, 598, 156,
236, 192, 343, 467, 87, 246, 989, 118, 189, 406,
607, 235, 527, 559, 808, 174, 589, 481, 390, 243,
161, 84, 241, 658, 991, 938, 486, 706, 955, 50,
245, 226, 233, 622, 903, 452, 970, 704, 436, 730,
965, 888, 524, 301, 685, 161, 996, 884, 426, 341,
108, 714, 154, 510, 750, 716, 697, 607, 217, 897,
895, 82, 424, 426, 65, 731, 645, 403, 330, 980,
681, 179, 772, 210, 528, 441, 169, 81, 880, 471,
407, 820, 435, 892, 116, 679, 998, 420, 405, 296,
209, 507, 829, 219, 111, 931, 5, 893, 240, 729,
367, 899, 446, 726, 935, 421, 436, 701, 796, 61,
118, 320, 499, 364, 757, 120, 133, 215, 305, 237,
754, 45, 836, 674, 382, 389, 948, 637, 251, 861,
481, 710, 591, 118, 953, 733, 640, 783, 416, 537,
925, 678, 636, 607, 902, 870, 40, 687, 607, 806,
494, 349, 81, 574, 827, 638, 417, 584, 150, 697,
469, 444, 513, 569, 828, 123, 627, 512, 838, 241,
988, 510, 996, 877, 99, 530, 209, 451, 605, 217,
17, 276, 895, 733, 113, 588, 493, 815, 879, 932,
828, 359, 715, 824, 133, 171, 678, 772, 163, 703,
337, 491, 328, 124, 458, 665, 674, 548, 475, 201,
196, 277, 387, 209, 570, 388, 274, 5, 572, 27,
791, 89, 903, 822, 507, 707, 960, 19, 587, 216,
995, 433, 642, 678, 427, 754, 606, 649, 499, 675,
916, 130, 604, 75, 518, 861, 320, 874, 684, 426,
614, 741, 721, 311, 31, 847, 759, 708, 33, 258,
13, 206, 57, 622, 488, 624, 934, 953, 512, 967,
980, 880, 909, 765, 815, 228, 825, 480, 680, 705,
624, 204, 597, 291, 245, 454, 603, 218, 846, 962,
975, 439, 260, 328, 486, 447, 467, 442, 850, 376,
97, 426, 494, 226, 293, 778, 627, 456, 965, 987,
692, 718, 301, 369, 542, 958, 556, 207, 981, 206,
305, 751, 763, 523, 638, 533, 226, 876, 636, 853,
524, 392, 288, 130, 153, 34, 68, 128, 193, 422,
440, 596, 898, 12, 619, 171, 668, 125, 621, 88,
27, 179, 599, 874, 29, 110, 541, 69, 421, 900,
746, 864, 735, 704, 557, 247, 341, 879, 699, 153,
89, 431, 300, 589, 812, 473, 643, 840, 238, 120,
720, 218, 646, 690, 888, 43, 757, 671, 440, 784,
951, 536, 709, 930, 538, 425, 760, 81, 409, 362,
504, 476, 475, 426, 137, 380, 448, 477, 131, 290,
171, 377, 678, 782, 406, 619, 493, 490, 515, 391,
816, 358, 199, 519, 366, 189, 180, 379, 458, 464,
215, 106, 806, 401, 630, 760, 85, 451, 558, 193,
774, 648, 740, 502, 630, 563, 915, 869, 196, 591,
294, 21, 995, 303, 822, 218, 484, 760, 494, 189,
594, 364, 349, 296, 82, 680, 955, 889, 130, 344,
400, 813, 185, 26, 106, 743, 24, 408, 517, 601,
408, 474, 671, 26, 315, 499, 908, 648, 759, 979,
432, 960, 121, 45, 908, 68, 974, 281, 203, 748,
32, 205, 964, 552, 142, 984, 778, 989, 85, 303,
59, 998, 534, 483, 342, 509, 192, 122, 817, 458,
352, 630, 66, 667, 837, 907, 956, 653, 585, 388,
12, 610, 93, 545, 212, 651, 884, 530, 391, 303,
652, 759, 590, 37, 72, 642, 123, 447, 353, 949,
181, 248, 45, 713, 355, 159, 784, 878, 828, 772,
411, 170, 374, 922, 699, 172, 910, 373, 44, 656,
927, 623, 37, 888, 198, 182, 53, 192, 182, 223,
838, 354, 831, 177, 857, 676, 77, 459, 850, 255,
62, 168, 645, 705, 939, 5, 777, 725, 491, 7,
485, 34, 260, 290, 168, 937, 171, 224, 597, 123,
110, 862, 695, 779, 105, 662, 425, 719, 662, 0,
2, 932, 0, 378, 174, 826, 401, 586, 800, 982,
426, 97, 695, 88, 380, 290, 518, 684, 837, 675,
57, 340, 781, 332, 589, 262, 73, 910, 391, 186,
895, 318, 448, 103, 651, 657, 279, 814, 881, 338,
551, 478, 157, 746, 626, 154, 864, 15, 102, 736,
723, 840, 712, 732, 257, 936, 191, 909, 80, 618,
18, 709, 216, 660, 244, 558, 599, 358, 470, 395,
84, 500, 126, 421, 162, 778, 391, 88, 711, 265,
481, 605, 94, 47, 234, 401, 187, 923, 485, 958,
437, 41, 266, 64, 112, 378, 758, 227, 91, 321,
885, 51, 367, 25, 933, 548, 586, 115, 797, 659,
971, 710, 294, 564, 23, 415, 528, 133, 570, 412,
304, 179, 194, 692, 24, 548, 497, 466, 367, 29,
649, 641, 891, 404, 677, 505, 157, 425, 381, 858,
812, 849, 114, 433, 957, 19, 11, 321, 121, 231,
64, 932, 719, 474, 901, 106, 875, 599, 633, 857,
295, 555, 63, 974, 481, 600, 308, 635, 61, 989,
699, 978, 869, 627, 966, 688, 734, 675, 69, 397,
541, 374, 675, 419, 882, 277, 847, 612, 795, 411,
369, 594, 76, 695, 326, 233, 878, 462, 982, 824,
454, 240, 731, 160, 791, 178, 700, 835, 898, 604,
940, 834, 405, 300, 997, 680, 793, 155, 56, 26,
993, 158, 977, 123, 488, 168, 702, 354, 698, 798,
233, 815, 454, 547, 103, 351, 866, 596, 847, 180,
568, 711, 871, 312, 96, 120, 43, 467, 925, 740,
592, 723, 300, 930, 313, 68, 690, 294, 423, 529,
22, 96, 254, 297, 959, 572, 245, 589, 775, 499,
126, 128, 872, 962, 383, 304, 622, 466, 416, 869,
133, 32, 183, 568, 780, 797, 352, 926, 851, 457,
224, 740, 321, 828, 52, 597, 713, 581, 254, 866,
893, 414, 536, 266, 19, 927, 428, 74, 687, 650,
835, 686, 282, 791, 364, 984, 890, 281, 191, 600,
450, 409, 579, 766, 763, 682, 61, 916, 2, 668,
802, 735, 292, 621, 734, 815, 528, 540, 230, 141,
692, 968, 139, 821, 547, 217, 872, 652, 781, 653,
279, 636, 511, 734, 462, 869, 212, 26, 527, 398,
124, 531, 224, 4, 205, 79, 497, 410, 695, 499,
516, 514, 428, 396, 522, 355, 416, 502, 715, 508,
533, 329, 717, 983, 674, 80, 354, 873, 461, 980,
355, 290, 758, 697, 434, 272, 559, 734, 486, 553,
433, 171, 984, 528, 152, 894, 830, 471, 921, 207,
869, 279, 155, 13, 428, 236, 284, 927, 167, 324,
925, 344, 569, 16, 825, 525, 238, 396, 442, 977,
416, 924, 125, 683, 600, 8, 46, 638, 727, 834,
175, 26, 814, 485, 581, 785, 755, 392, 68, 124,
620, 323, 789, 902, 777, 874, 324, 209, 21, 255,
638, 648, 189, 612, 771, 301, 533, 338, 457, 253,
303, 908, 833, 416, 533, 135, 910, 13, 857, 862,
530, 581, 171, 769, 91, 350, 707, 101, 567, 772,
367, 290, 92, 571, 527, 41, 147, 120, 991, 389,
422, 809, 461, 868, 559, 202, 979, 797, 235, 977,
551, 388, 487, 812, 706, 43, 337, 673, 742, 44,
643, 838, 364, 893, 443, 786, 804, 882, 342, 532,
381, 825, 143, 131, 760, 298, 402, 806, 608, 758,
742, 941, 237, 962, 298, 391, 690, 324, 959, 997,
851, 453, 719, 863, 67, 319, 28, 14, 981, 608,
523, 833, 385, 568, 515, 956, 345, 119, 417, 718,
380, 867, 846, 385, 203, 913, 635, 728, 19, 42,
315, 204, 122, 488, 275, 903, 573, 240, 573, 725,
905, 634, 99, 311, 649, 327, 130, 2, 248, 731,
972, 24, 455, 763, 891, 470, 89, 209, 483, 365,
93, 421, 927, 852, 531, 718, 799, 542, 179, 961,
272, 536, 778, 553, 861, 694, 326, 841, 205, 975,
621, 334, 980, 646, 801, 575, 382, 570, 422, 993,
369, 144, 815, 942, 547, 255, 870, 351, 164, 268,
450, 738, 709, 120, 686, 293, 73, 471, 840, 99,
955, 489, 199, 374, 664, 335, 585, 455, 286, 582,
851, 50, 365, 968, 594, 877, 781, 868, 122, 466,
713, 634, 157, 618, 931, 523, 71, 725, 151, 264,
47, 120, 220, 914, 144, 406, 328, 674, 944, 114,
963, 779, 609, 803, 856, 876, 38, 521, 239, 434,
88, 319, 406, 254, 107, 674, 146, 547, 490, 361,
216, 226, 842, 710, 304, 65, 198, 852, 53, 81,
822, 752, 470, 719, 813, 621, 73, 974, 795, 427,
152, 611, 689, 576, 444, 113, 843, 770, 258, 438,
626, 355, 771, 646, 91, 701, 672, 438, 690, 312,
462, 107, 363, 595, 790, 340, 706, 439, 488, 965,
713, 170, 217, 38, 730, 771, 410, 260, 110, 257,
331, 430, 510, 496, 328, 642, 160, 182, 483, 817,
140, 795, 27, 64, 446, 656, 835, 633, 879, 906,
653, 81, 912, 119, 289, 803, 374, 848, 896, 341,
692, 47, 894, 433, 61, 755, 712, 632, 922, 265,
58, 362, 883, 717, 228, 400, 457, 978, 446, 965,
579, 542, 433, 226, 247, 897, 688, 442, 900, 928,
39, 838, 573, 541, 99, 345, 320, 201, 58, 166,
680, 621, 412, 753, 377, 829, 626, 627, 50, 855,
158, 226, 871, 274, 235, 832, 311, 921, 358, 475,
707, 466, 822, 525, 777, 699, 328, 741, 912, 621,
582, 862, 316, 875, 721, 582, 196, 596, 92, 857,
314, 607, 435, 983, 475, 439, 548, 932, 432, 95,
476, 406, 548, 631, 469, 852, 527, 736, 359, 717,
114, 901, 509, 167, 908, 978, 625, 193, 805, 353,
43, 35, 377, 347, 365, 788, 463, 476, 635, 388,
442, 650, 377, 115, 831, 695, 589, 26, 552, 357,
431, 745, 561, 569, 142, 360, 506, 907, 157, 146,
20, 613, 437, 167, 335, 211, 805, 641, 490, 538,
304, 433, 676, 539, 558, 307, 780, 105, 29, 623,
852, 361, 945, 585, 236, 98, 97, 323, 964, 894,
44, 913, 8, 224, 548, 398, 787, 822, 234, 222,
406, 880, 443, 827, 672, 505, 978, 292, 42, 950,
717, 50, 627, 269, 460, 677, 242, 64, 767, 767,
802, 962, 711, 719, 827, 745, 960, 169, 838, 364,
829, 731, 873, 167, 21, 699, 772, 853, 989, 903,
315, 725, 894, 317, 349, 392, 536, 909, 108, 450,
622, 468, 350, 855, 740, 234, 419, 609, 799, 518,
792, 279, 925, 48, 908, 703, 245, 543, 985, 838,
175, 189, 717, 31, 110, 959, 457, 299, 53, 153,
642, 417, 681, 338, 134, 415, 645, 348, 777, 655}